timestamps population node_ids
21.351486 v1 29748
23.122488 v1 36060
30.5000000000988 v1 11952
26.375000000099035 v1 28572
40.92500000010074 v1 28932
40.99035600000001 v1 29544
34.689769000000005 v1 29604
29.47500000009886 v1 30288
26.17500000009905 v1 30360
30.46501 v1 32412
36.525486 v1 32880
44.405602 v1 33708
36.525486 v1 39828
44.40000000010153 v1 40128
40.62500000010068 v1 40152
39.4250000001004 v1 40164
41.150000000100796 v1 40740
46.12500000010193 v1 52776
55.350000000104025 v1 11952
57.066115 v1 29472
68.87234300000001 v1 29604
66.374832 v1 29640
52.697224 v1 29964
60.843177 v1 30084
61.171592000000004 v1 30144
55.012066 v1 31392
71.246158 v1 31464
74.674079 v1 32124
54.58635 v1 32316
58.955422 v1 32844
70.118931 v1 34416
72.029871 v1 35004
68.61334000000001 v1 39936
51.90000000010325 v1 40152
70.12500000010738 v1 40164
73.04615799999998 v1 42012
64.63026900000001 v1 51060
50.57500000010294 v1 53640
53.78306 v1 55524
56.298088 v1 55584
73.50393700000002 v1 55656
62.876523999999996 v1 56160
90.05000000011191 v1 11952
80.7500000001098 v1 16896
95.87500000011325 v1 16968
90.97500000011213 v1 17016
95.45000000011315 v1 21744
93.47500000011269 v1 21828
82.912526 v1 23424
90.504212 v1 26196
92.75000000011252 v1 28404
83.728032 v1 29664
94.291076 v1 29868
82.843788 v1 29964
83.94196099999999 v1 30096
89.864222 v1 32424
90.467024 v1 32652
86.044627 v1 33072
87.349175 v1 34092
80.660934 v1 34308
90.93741 v1 35784
90.485417 v1 35856
96.509644 v1 36096
94.397652 v1 36108
87.80474300000002 v1 39612
90.272941 v1 39828
96.5750000001134 v1 40128
97.201889 v1 55452
92.370653 v1 56160
100.187614 v1 11532
120.65000000011887 v1 15024
116.07500000011784 v1 21300
105.472596 v1 22224
103.2250000001149 v1 24576
115.00000000011757 v1 25248
122.22500000011921 v1 28716
108.36096299999998 v1 29400
121.89505 v1 29460
113.812532 v1 29664
108.536144 v1 31860
114.472099 v1 32076
114.09521200000002 v1 32112
119.73236399999999 v1 32952
109.563977 v1 34056
108.36096299999998 v1 34380
122.571573 v1 34608
123.77171 v1 34752
112.88886399999998 v1 34788
107.924804 v1 34860
121.466534 v1 35208
123.92973899999998 v1 35388
106.48528999999999 v1 35664
116.66281799999999 v1 35700
116.68394599999999 v1 35748
124.099628 v1 35844
119.28064 v1 35928
111.921626 v1 39528
107.864974 v1 39912
101.312247 v1 40008
124.37500000011973 v1 40152
108.60000000011613 v1 40164
118.52500000011837 v1 40212
101.444948 v1 55440
123.63702099999999 v1 55488
119.73236399999999 v1 55572
121.78718700000002 v1 55584
106.263398 v1 55608
108.36096299999998 v1 55632
139.1250000001104 v1 13896
135.40000000011378 v1 25044
145.55132799999996 v1 29448
148.19326 v1 29772
145.104174 v1 29820
142.90000000010696 v1 30360
127.801057 v1 31440
132.75517299999998 v1 31452
125.89688 v1 31956
141.119546 v1 32064
141.236512 v1 32532
125.73621599999998 v1 32652
135.59877600000002 v1 32676
136.47536499999998 v1 36012
126.443845 v1 36024
141.507672 v1 36156
146.41312299999996 v1 39708
134.51732099999998 v1 39828
142.32500000010745 v1 40164
135.02144399999997 v1 55524
145.36076200000002 v1 55716
134.74282 v1 55752
169.50000000008274 v1 11952
163.59608300000002 v1 29424
155.76814499999998 v1 29724
158.46747 v1 29748
171.829875 v1 29784
170.184886 v1 30120
172.545654 v1 31728
150.922349 v1 32796
174.954961 v1 34236
174.671743 v1 34380
171.184196 v1 34440
152.902472 v1 34476
158.70345299999997 v1 34668
162.048794 v1 35904
163.9500000000878 v1 39264
160.41387600000004 v1 39552
162.98249299999995 v1 39924
158.1250000000931 v1 40740
172.71648299999995 v1 55560
172.069209 v1 56208
191.067155 v1 18504
195.80000000005887 v1 28344
195.94702199999998 v1 29556
191.685457 v1 29592
186.302032 v1 29604
178.05165300000002 v1 29724
199.31399299999995 v1 29748
194.453902 v1 29976
176.273387 v1 30024
195.31420400000002 v1 30096
190.597052 v1 31800
186.297238 v1 32112
188.873647 v1 32700
186.297238 v1 32988
197.216353 v1 33072
188.945647 v1 33516
178.421277 v1 34824
176.47771200000003 v1 35292
185.09788100000003 v1 35412
191.268715 v1 35736
189.251235 v1 36096
177.056153 v1 39600
192.967155 v1 50448
179.91118500000002 v1 55524
186.550454 v1 55608
189.851215 v1 55752
0.17500000010000002 v1 14605
5.150000000100039 v1 14605
10.125000000099961 v1 14605
15.125000000099675 v1 14605
20.10000000009939 v1 14605
24.224644 v1 55849
12.401735 v1 55993
25.07500000009911 v1 14605
30.05000000009883 v1 14605
35.025000000099396 v1 14605
40.000000000100535 v1 14605
44.97500000010167 v1 14605
49.9500000001028 v1 14605
28.125000000098932 v1 21709
46.60000000010204 v1 21793
44.62500000010159 v1 21901
39.80700300000001 v1 28045
32.82293600000001 v1 31213
34.994485999999995 v1 31345
47.693298 v1 34321
44.37275500000001 v1 34501
26.65000000009902 v1 40165
39.50000000010042 v1 53677
71.55187099999999 v1 7633
54.92500000010393 v1 14605
59.90000000010507 v1 14605
64.87500000010618 v1 14605
69.85000000010731 v1 14605
74.82500000010845 v1 14605
53.9000000001037 v1 16885
64.474079 v1 23233
51.908530999999996 v1 29329
60.843177 v1 29533
59.22245699999999 v1 29653
51.093926 v1 30061
68.727724 v1 30073
58.58914200000001 v1 30085
72.20000000010783 v1 30313
51.70000000010321 v1 30889
58.955422 v1 31297
63.044201 v1 31801
72.875664 v1 32677
66.190252 v1 32821
50.30872600000001 v1 32893
50.30872600000001 v1 33121
74.187811 v1 35245
51.819511999999996 v1 35581
55.85416899999999 v1 35653
63.043512 v1 39625
62.69560300000001 v1 39793
61.95000000010553 v1 40153
56.25000000010423 v1 40165
71.17500000010762 v1 40165
62.73026900000001 v1 55741
62.876523999999996 v1 55789
55.794125 v1 55849
54.725462 v1 55945
55.85416899999999 v1 56221
79.80000000010958 v1 14605
84.77500000011071 v1 14605
89.75000000011185 v1 14605
94.72500000011296 v1 14605
99.7000000001141 v1 14605
93.17500000011263 v1 16993
87.80474300000002 v1 22081
98.12500000011373 v1 24589
77.250000000109 v1 28549
96.72500000011343 v1 28789
96.35000000011334 v1 28849
76.17500000010875 v1 28885
96.70000000011343 v1 28933
79.484936 v1 29425
87.681112 v1 29641
97.201889 v1 29821
91.300586 v1 31285
99.542169 v1 31453
88.74861200000002 v1 33649
99.967889 v1 34345
95.778854 v1 34417
95.82698 v1 34657
95.82698 v1 34921
97.619476 v1 34945
91.300586 v1 35797
80.22500000010967 v1 39265
99.07500000011395 v1 39265
83.10741099999998 v1 39541
87.97500000011145 v1 40153
86.125000000111 v1 40165
98.95000000011393 v1 40165
97.619476 v1 55765
86.687628 v1 55885
92.63636100000002 v1 56077
117.855921 v1 565
122.77500000011936 v1 12577
111.30000000011673 v1 14269
104.67500000011525 v1 14605
109.65000000011636 v1 14605
114.6250000001175 v1 14605
119.60000000011864 v1 14605
124.57500000011976 v1 14605
118.08183300000003 v1 20893
102.92500000011484 v1 21721
107.32500000011585 v1 24661
121.36116 v1 25345
113.736548 v1 29761
101.444948 v1 30109
104.50000000011521 v1 30325
103.293348 v1 31237
104.364052 v1 31429
121.076376 v1 32029
111.94173300000004 v1 33085
102.07864000000002 v1 33121
122.74865800000002 v1 33145
123.77171 v1 33517
124.19411399999998 v1 33805
116.781625 v1 34153
108.81254799999999 v1 34237
116.36766599999999 v1 34273
107.942149 v1 34453
111.921626 v1 34501
103.189223 v1 35029
109.05763899999998 v1 35149
109.702054 v1 39625
118.689917 v1 40081
120.32500000011879 v1 40165
113.20701 v1 48049
108.36096299999998 v1 55609
120.362802 v1 55717
129.5500000001191 v1 14605
134.52500000011455 v1 14605
139.50000000011005 v1 14605
144.47500000010552 v1 14605
149.450000000101 v1 14605
148.95000000010143 v1 28585
145.83441100000002 v1 29389
135.293196 v1 29437
129.24479499999998 v1 29617
129.370812 v1 29653
125.25624 v1 29701
138.31481899999997 v1 29725
147.71067 v1 30073
126.443845 v1 31093
140.28058099999998 v1 31957
125.109301 v1 32005
127.088173 v1 34465
129.896391 v1 34489
125.472988 v1 39721
136.9000000001124 v1 40165
128.721317 v1 48637
147.39996799999997 v1 55381
133.95856399999997 v1 55597
136.984207 v1 55765
136.398248 v1 55849
134.94872999999998 v1 55885
133.244722 v1 55921
165.30792599999995 v1 6493
154.42500000009647 v1 14605
159.40000000009198 v1 14605
164.37500000008743 v1 14605
169.3500000000829 v1 14605
174.3250000000784 v1 14605
157.70652900000002 v1 29461
173.654342 v1 29989
162.76306899999997 v1 31213
167.99614299999996 v1 31645
171.184196 v1 33649
172.60120899999995 v1 34321
172.069209 v1 34777
169.63381499999997 v1 35917
156.92839899999996 v1 39661
173.673192 v1 39685
164.37500000008743 v1 40153
164.90000000008698 v1 40165
155.90000000009513 v1 40201
162.41882299999997 v1 55501
169.63381499999997 v1 55681
174.50311200000002 v1 55945
191.268715 v1 3121
179.30000000007385 v1 14605
184.27500000006933 v1 14605
189.2500000000648 v1 14605
194.22500000006028 v1 14605
199.20000000005572 v1 14605
189.851215 v1 27649
187.619175 v1 29653
190.344988 v1 29881
177.079679 v1 30013
186.89231 v1 30061
192.307139 v1 30085
188.873647 v1 31189
193.814826 v1 31213
176.469203 v1 31225
176.90036499999997 v1 31441
195.826618 v1 31765
195.31420400000002 v1 31873
184.18561699999995 v1 31945
196.247151 v1 32449
176.74014100000005 v1 34021
190.344988 v1 35041
181.816013 v1 35641
177.079679 v1 35737
192.768715 v1 35749
187.619175 v1 35893
195.653148 v1 35905
182.65866100000002 v1 36061
196.35000000005837 v1 39265
180.202694 v1 39613
184.606843 v1 39925
199.970741 v1 39937
180.22843700000004 v1 40081
197.75773600000002 v1 55717
184.606843 v1 55741
186.550454 v1 56209
22.459235 v1 29630
43.825000000101404 v1 21758
42.15000000010102 v1 28550
33.884564999999995 v1 29570
38.842442999999996 v1 29894
44.405602 v1 29990
27.354432 v1 30158
47.042282 v1 30158
41.17505900000001 v1 30170
35.57500000009953 v1 30194
32.266156 v1 35330
42.81814900000001 v1 55754
54.81869500000001 v1 38
51.55000000010316 v1 28838
53.770729 v1 29606
65.060369 v1 29810
60.587261 v1 29882
69.645084 v1 31466
74.674079 v1 31598
63.043512 v1 32594
50.22701500000001 v1 34514
60.677048000000006 v1 35018
53.546826 v1 35306
68.457098 v1 35354
69.349087 v1 39818
69.349087 v1 39866
63.044201 v1 55778
78.75592400000002 v1 11702
93.37500000011265 v1 28382
92.52500000011247 v1 28430
94.25000000011286 v1 28442
89.28064599999999 v1 29354
91.125208 v1 29486
95.167668 v1 29774
84.148884 v1 29858
90.93741 v1 29870
84.33300600000003 v1 30170
92.05000000011236 v1 30374
83.10741099999998 v1 31898
93.29817299999999 v1 31922
96.315159 v1 33278
95.778854 v1 33338
91.364222 v1 33350
75.267403 v1 34478
94.397652 v1 34574
91.360511 v1 35054
81.335608 v1 35294
96.509644 v1 35810
90.914268 v1 35834
81.447164 v1 35978
96.509644 v1 36182
94.397652 v1 40010
98.614191 v1 47402
89.219868 v1 55514
121.42500000011904 v1 12734
103.00000000011484 v1 13406
101.55000000011452 v1 14270
101.50000000011451 v1 21902
119.27500000011857 v1 30326
111.00000000011669 v1 30374
111.850905 v1 31022
114.447494 v1 31322
103.64528299999998 v1 31466
114.165683 v1 32222
113.83844899999998 v1 32570
108.85138 v1 32594
116.309747 v1 32906
103.56083 v1 33290
111.921626 v1 33974
112.68307 v1 34214
106.225436 v1 34946
114.165683 v1 35522
124.500824 v1 35582
104.986577 v1 35858
124.309595 v1 39782
119.404934 v1 39806
107.864974 v1 39830
123.593465 v1 39842
119.225737 v1 39854
103.56083 v1 39878
109.702054 v1 39914
116.65000000011796 v1 40202
104.22500000011513 v1 52730
109.702054 v1 55778
130.73304599999997 v1 2666
126.0500000001201 v1 11954
128.60000000011996 v1 21638
145.597703 v1 23330
135.85000000011334 v1 24626
146.430998 v1 26318
134.20000000011487 v1 28406
146.41312299999996 v1 29366
138.503729 v1 29630
149.08938200000003 v1 29930
131.371188 v1 30146
147.65000000010264 v1 30182
147.71067 v1 31262
129.24479499999998 v1 31694
139.808238 v1 34802
147.324049 v1 35090
135.57064400000002 v1 35306
125.109301 v1 35714
145.536825 v1 39974
130.27907 v1 40070
148.02500000010232 v1 40154
149.50000000010098 v1 53834
143.537128 v1 55538
149.08938200000003 v1 55694
145.104174 v1 55754
169.74793 v1 3146
153.32500000009748 v1 16886
158.77500000009252 v1 28922
167.135483 v1 29354
154.276446 v1 29606
158.46747 v1 29870
173.502336 v1 30158
151.181286 v1 31466
172.075536 v1 31706
174.109329 v1 31778
171.453815 v1 32042
162.009897 v1 34574
174.50311200000002 v1 34586
164.61824499999994 v1 34994
166.849877 v1 35282
162.009873 v1 35306
155.39691100000002 v1 36218
170.94543899999996 v1 39590
162.2500000000894 v1 40202
157.35000000009381 v1 53834
169.97500000008233 v1 54410
169.75236599999994 v1 55862
168.168267 v1 55982
199.885322 v1 11126
197.07500000005768 v1 16946
185.250887 v1 20762
198.4750000000564 v1 28910
194.15178600000002 v1 29306
191.685457 v1 29510
194.43968700000002 v1 29618
199.844318 v1 29774
177.47878999999998 v1 29858
192.23723700000002 v1 29870
190.332697 v1 30170
193.196223 v1 31922
180.99905800000002 v1 32426
186.297238 v1 32798
194.205169 v1 32834
192.527541 v1 33170
176.13262399999996 v1 33290
199.702865 v1 33446
177.05437199999992 v1 33734
177.47878999999998 v1 33758
195.94702199999998 v1 34262
191.27875 v1 35378
179.448827 v1 39950
176.61417799999995 v1 39962
185.92500000006783 v1 40166
187.150887 v1 49250
191.751215 v1 49562
187.267129 v1 50606
180.05026299999997 v1 55550
188.224026 v1 55778
12.22500000009984 v1 1083
0.4250000001000002 v1 13551
5.4250000001000425 v1 13551
0.2500000001000001 v1 14955
5.2250000001000405 v1 14955
10.200000000099957 v1 14955
15.17500000009967 v1 14955
20.15000000009939 v1 14955
0.1000000001 v1 16119
5.075000000100038 v1 16119
10.050000000099963 v1 16119
15.050000000099681 v1 16119
20.0250000000994 v1 16119
24.975000000099115 v1 16119
21.692904000000002 v1 29967
0.4750000001000002 v1 30915
5.500000000100044 v1 30915
10.425000000099944 v1 30915
15.500000000099654 v1 30915
24.664745 v1 33963
11.925000000099855 v1 40143
21.625000000099305 v1 40167
26.50000000009903 v1 1083
25.12500000009911 v1 14955
30.100000000098824 v1 14955
35.07500000009941 v1 14955
40.050000000100546 v1 14955
45.02500000010168 v1 14955
29.97500000009883 v1 16119
34.950000000099394 v1 16119
39.925000000100525 v1 16119
44.90000000010165 v1 16119
49.850000000102774 v1 16119
27.800000000098954 v1 16899
40.47500000010064 v1 21543
45.225000000101716 v1 21543
30.35000000009881 v1 28551
36.250000000099675 v1 28899
42.558873 v1 29355
37.70022 v1 29475
39.62500000010046 v1 30327
25.45000000009909 v1 30915
36.525486 v1 32451
26.270132 v1 32583
31.415382 v1 33831
30.35000000009881 v1 40167
34.375000000099256 v1 53031
31.175000000098766 v1 53823
27.32500000009898 v1 54303
29.08062 v1 55503
50.000000000102816 v1 14955
54.97500000010394 v1 14955
59.950000000105064 v1 14955
64.9250000001062 v1 14955
69.90000000010733 v1 14955
74.87500000010846 v1 14955
54.850000000103904 v1 16119
59.825000000105035 v1 16119
64.80000000010617 v1 16119
69.7750000001073 v1 16119
74.75000000010843 v1 16119
52.35000000010334 v1 28323
74.155242 v1 29331
60.276923 v1 29739
70.31487700000001 v1 30039
50.275000000102864 v1 30915
69.48903000000001 v1 31383
61.190081000000006 v1 32535
69.67110799999999 v1 34431
73.44828500000001 v1 34971
74.6500000001084 v1 53223
55.794125 v1 56007
89.70000000011183 v1 1083
98.50000000011384 v1 12015
80.3250000001097 v1 14379
79.8500000001096 v1 14955
84.82500000011072 v1 14955
89.80000000011185 v1 14955
94.775000000113 v1 14955
99.75000000011411 v1 14955
79.70000000010955 v1 16119
84.70000000011068 v1 16119
89.67500000011181 v1 16119
94.65000000011295 v1 16119
99.62500000011408 v1 16119
93.20000000011262 v1 28323
96.45000000011335 v1 28911
80.98360600000002 v1 29343
97.201889 v1 29499
83.94196099999999 v1 29631
80.900947 v1 29799
88.03527600000002 v1 29823
95.486404 v1 29931
89.460536 v1 31143
84.202888 v1 31395
84.41068100000003 v1 31875
87.762996 v1 32751
96.315159 v1 33603
88.30147200000002 v1 34431
95.973777 v1 34755
75.239537 v1 35307
79.915751 v1 38235
94.291076 v1 39747
99.853408 v1 40023
93.70000000011274 v1 40119
93.10000000011259 v1 40143
95.92500000011324 v1 40167
91.764222 v1 43023
87.40000000011129 v1 52683
93.765216 v1 55683
99.202542 v1 56079
100.45000000011429 v1 14727
104.72500000011524 v1 14955
109.70000000011636 v1 14955
114.67500000011749 v1 14955
119.65000000011864 v1 14955
124.62500000011977 v1 14955
104.60000000011522 v1 16119
109.57500000011636 v1 16119
114.55000000011749 v1 16119
119.5250000001186 v1 16119
124.50000000011974 v1 16119
118.10000000011827 v1 16899
120.67736 v1 20703
112.75000000011707 v1 21387
107.10000000011577 v1 28479
123.0500000001194 v1 28539
124.52500000011976 v1 28719
108.409025 v1 29355
117.883473 v1 29487
115.573295 v1 29979
112.47500000011699 v1 30339
115.02500000011759 v1 30915
111.842419 v1 31779
121.466534 v1 31983
120.249501 v1 32031
118.89946299999998 v1 32643
118.492103 v1 32691
118.492103 v1 33003
113.736548 v1 33111
106.98503700000002 v1 33963
120.548838 v1 34155
119.498765 v1 34503
118.217405 v1 34887
103.577726 v1 35151
108.888293 v1 35535
119.28064 v1 35907
116.704955 v1 35919
117.10146299999998 v1 36063
106.68329 v1 39651
124.309595 v1 39807
114.92500000011756 v1 40143
103.21224699999999 v1 42087
119.98183300000004 v1 49395
102.97500000011485 v1 53115
106.47500000011564 v1 54519
112.231113 v1 55659
106.025866 v1 55959
110.74734499999998 v1 56007
104.986298 v1 56163
101.313355 v1 56259
127.65000000012044 v1 13635
129.60000000011902 v1 14955
134.57500000011453 v1 14955
139.55000000011 v1 14955
144.52500000010548 v1 14955
149.50000000010098 v1 14955
129.47500000011914 v1 16119
134.45000000011464 v1 16119
139.42500000011012 v1 16119
144.4000000001056 v1 16119
149.3750000001011 v1 16119
133.97500000011507 v1 16911
147.8000000001025 v1 16935
144.14468399999996 v1 17595
138.503729 v1 29475
138.511807 v1 29715
132.49738899999997 v1 29763
144.87500000010516 v1 30915
133.835107 v1 31443
141.48763899999997 v1 31935
133.134222 v1 33123
126.416801 v1 33471
134.63883500000003 v1 34071
139.69349599999998 v1 34839
135.57064400000002 v1 36099
147.71067 v1 36123
129.219418 v1 39555
135.78531399999997 v1 39627
136.40000000011287 v1 40155
131.1250000001177 v1 40167
135.25321 v1 55383
149.53934399999997 v1 55395
148.47427499999995 v1 55431
139.80398100000002 v1 55947
149.53934399999997 v1 56067
138.50067099999998 v1 56127
169.225000000083 v1 1083
154.47500000009643 v1 14955
159.4500000000919 v1 14955
164.42500000008738 v1 14955
169.40000000008283 v1 14955
174.3750000000783 v1 14955
154.35000000009654 v1 16119
159.30000000009204 v1 16119
164.30000000008752 v1 16119
169.27500000008297 v1 16119
174.25000000007844 v1 16119
168.46417599999995 v1 29391
164.61824499999994 v1 29451
168.168267 v1 29895
169.63381499999997 v1 33363
154.7232 v1 33675
169.74793 v1 33891
158.266626 v1 34431
170.94543899999996 v1 38175
168.168267 v1 39579
152.25000000009842 v1 40143
168.95000000008326 v1 40167
170.21370299999995 v1 55659
164.53631699999997 v1 56007
172.71648299999995 v1 56055
179.85000000007335 v1 14379
179.3500000000738 v1 14955
184.32500000006928 v1 14955
189.3000000000648 v1 14955
194.27500000006023 v1 14955
199.2500000000557 v1 14955
179.2250000000739 v1 16119
184.2000000000694 v1 16119
189.1750000000649 v1 16119
194.15000000006037 v1 16119
199.10000000005584 v1 16119
195.0750000000595 v1 28479
195.25000000005932 v1 28803
199.813062 v1 29367
177.35373600000003 v1 29523
191.907173 v1 29535
177.079679 v1 29871
187.864416 v1 30063
178.29581299999995 v1 30147
189.6750000000644 v1 30915
199.52500000005543 v1 30915
190.344988 v1 31707
179.16524199999995 v1 32151
187.619175 v1 32451
188.873647 v1 32895
178.380045 v1 33735
192.888015 v1 34755
179.111427 v1 35811
191.907173 v1 35931
193.453678 v1 39891
183.45843700000003 v1 40011
193.32500000006112 v1 40143
195.94702199999998 v1 55515
187.537457 v1 56163
22.000000000099288 v1 28768
22.396549 v1 29476
15.998156 v1 29500
21.695016 v1 29788
21.692904000000002 v1 29872
19.42500000009943 v1 40156
7.600000000100073 v1 40168
34.62500000009931 v1 16948
33.50000000009906 v1 21712
40.99035600000001 v1 25348
46.90988 v1 29536
30.491213000000002 v1 29920
47.688515 v1 30148
32.341083000000005 v1 32056
31.306172 v1 34204
40.99035600000001 v1 34744
47.998603 v1 39832
45.675000000101825 v1 40156
43.22500000010127 v1 52612
45.17500000010171 v1 52972
54.933312 v1 256
62.20025 v1 29308
52.697224 v1 29356
56.076770999999994 v1 29476
60.941930000000006 v1 29500
50.981943 v1 29572
69.924084 v1 29692
66.38756200000002 v1 29992
55.794125 v1 30064
58.454009 v1 31588
59.308310999999996 v1 31876
69.86314300000001 v1 32056
68.55538299999999 v1 32200
63.541363 v1 32896
64.883499 v1 33544
57.36508900000001 v1 34168
58.396424 v1 34372
67.024499 v1 35212
54.725462 v1 35392
73.215797 v1 35956
55.813439 v1 39976
73.314619 v1 40000
52.450000000103365 v1 52972
63.25358100000001 v1 55552
54.81869500000001 v1 56104
93.00000000011258 v1 12280
96.75000000011343 v1 13576
93.67500000011272 v1 13684
78.45000000010926 v1 13756
83.30000000011037 v1 16948
82.20000000011012 v1 21856
97.619476 v1 23284
95.05000000011304 v1 25324
96.92500000011349 v1 28396
87.3750000001113 v1 28768
92.00000000011237 v1 28780
92.207018 v1 29344
86.993597 v1 29356
83.607763 v1 29560
82.38195300000002 v1 29860
83.488463 v1 30028
87.68069399999999 v1 30064
92.30000000011242 v1 30196
96.330219 v1 31252
95.509644 v1 32752
90.079829 v1 33112
95.778854 v1 33796
95.778854 v1 33892
86.96990699999998 v1 34312
96.315159 v1 34468
96.315159 v1 34744
86.568113 v1 35092
87.129626 v1 35464
95.167668 v1 35536
89.460536 v1 35944
90.12653399999999 v1 36064
92.863543 v1 39628
95.167668 v1 39784
80.98360600000002 v1 39868
91.95000000011234 v1 40156
83.607763 v1 55624
110.481404 v1 3712
101.920977 v1 10984
101.27500000011446 v1 12820
119.57500000011862 v1 16948
122.17500000011921 v1 18676
106.98503700000002 v1 19216
100.00000000011416 v1 28516
123.05471 v1 29356
114.447494 v1 29392
118.08183300000003 v1 29560
108.41889299999998 v1 29584
108.92811599999999 v1 29764
121.874209 v1 29980
110.74734499999998 v1 30064
109.702054 v1 30148
117.79393700000004 v1 31768
121.466534 v1 31948
102.95813 v1 32104
101.303507 v1 32344
115.65368700000002 v1 32920
110.74734499999998 v1 33088
123.05471 v1 33388
121.550595 v1 33400
120.525682 v1 33520
123.77171 v1 33532
117.7 v1 34108
106.774506 v1 34732
123.77171 v1 35032
120.362802 v1 35044
115.042494 v1 35788
122.847041 v1 35932
102.95813 v1 36088
110.57500000011656 v1 39268
103.293348 v1 39748
117.97500000011827 v1 40156
122.049501 v1 41128
122.416328 v1 44980
103.07500000011488 v1 53512
100.0500000001142 v1 54796
106.27500000011558 v1 54796
117.431906 v1 55552
127.811361 v1 712
134.74282 v1 8584
125.95000000012008 v1 18640
133.37500000011562 v1 21712
126.9750000001203 v1 28912
134.878929 v1 29476
138.831301 v1 29716
125.852634 v1 31360
145.36076200000002 v1 31732
146.073401 v1 32512
144.14468399999996 v1 32896
146.702085 v1 33220
125.73621599999998 v1 33328
131.85126499999998 v1 33640
135.57064400000002 v1 34708
138.831301 v1 35392
138.31481899999997 v1 35404
146.90627899999996 v1 36196
138.50067099999998 v1 39940
138.52500000011094 v1 40168
132.91125 v1 51520
144.118728 v1 55444
148.71231799999995 v1 55456
168.784583 v1 3424
169.1500000000831 v1 28912
159.74657599999995 v1 29332
172.108382 v1 29560
158.59509899999995 v1 29800
170.89676200000002 v1 29860
167.99614299999996 v1 29896
163.5250000000882 v1 30388
169.57560099999995 v1 32068
170.94543899999996 v1 33004
172.050593 v1 33544
171.265293 v1 34096
168.712998 v1 34804
162.048794 v1 34972
165.98429099999996 v1 35584
171.94359599999996 v1 39844
171.60000000008085 v1 40156
162.7250000000889 v1 40216
170.06826700000005 v1 43876
151.33934399999995 v1 51928
172.66691799999998 v1 55624
153.36094899999995 v1 55708
162.07340499999995 v1 55780
194.12500000006042 v1 16924
194.9000000000597 v1 16972
199.97500000005505 v1 21472
199.31399299999995 v1 29464
180.891197 v1 29476
187.619175 v1 29548
192.623399 v1 29968
198.68873700000003 v1 30052
178.15000000007493 v1 30388
191.075499 v1 32272
194.214548 v1 33052
190.805777 v1 33376
176.13262399999996 v1 34144
190.753117 v1 34156
194.388015 v1 34468
188.937504 v1 34732
199.813062 v1 35416
194.153921 v1 35932
183.558229 v1 36028
199.053862 v1 36208
184.962177 v1 39604
197.75773600000002 v1 39748
178.05165300000002 v1 39868
195.82500000005882 v1 40156
191.751215 v1 49912
183.782928 v1 55744
15.450000000099655 v1 13613
0.17500000010000002 v1 16205
0.5250000001000001 v1 16205
5.125000000100039 v1 16205
10.075000000099964 v1 16205
15.075000000099678 v1 16205
20.050000000099395 v1 16205
20.50000000009937 v1 16205
21.900000000099286 v1 16925
8.541456 v1 29537
23.896397 v1 29549
18.471898 v1 29657
16.439709 v1 29801
19.07500000009945 v1 40145
25.025000000099112 v1 16205
30.025000000098828 v1 16205
30.40000000009881 v1 16205
34.97500000009939 v1 16205
35.40000000009949 v1 16205
39.97500000010053 v1 16205
40.35000000010061 v1 16205
44.95000000010165 v1 16205
45.30000000010174 v1 16205
49.925000000102784 v1 16205
29.343405 v1 29609
34.075000000099195 v1 30353
28.100000000098934 v1 30881
49.900000000102786 v1 30905
47.998719 v1 33029
46.47500000010201 v1 40121
34.10000000009919 v1 40169
32.95000000009893 v1 52625
39.306517 v1 55565
50.32500000010288 v1 16205
54.90000000010392 v1 16205
55.250000000103995 v1 16205
59.87500000010507 v1 16205
60.22500000010513 v1 16205
64.85000000010618 v1 16205
65.22500000010626 v1 16205
69.82500000010732 v1 16205
70.17500000010739 v1 16205
74.80000000010843 v1 16205
74.60000000010841 v1 28289
51.55000000010316 v1 28997
57.261616 v1 29429
54.725462 v1 29933
73.47500000010814 v1 30233
54.725462 v1 31409
52.358948999999996 v1 32909
52.358948999999996 v1 34097
65.555307 v1 35369
56.076770999999994 v1 35645
71.995202 v1 40061
65.32500000010629 v1 40157
75.15000000010852 v1 16205
79.77500000010956 v1 16205
80.15000000010966 v1 16205
84.77500000011071 v1 16205
85.10000000011078 v1 16205
89.72500000011183 v1 16205
90.10000000011192 v1 16205
94.72500000011296 v1 16205
95.05000000011304 v1 16205
99.7000000001141 v1 16205
97.0750000001135 v1 28637
89.75000000011185 v1 28673
89.30936899999999 v1 29765
82.68465 v1 29849
87.349175 v1 29897
93.29817299999999 v1 30101
92.82500000011255 v1 30185
98.12500000011373 v1 30221
76.65000000010886 v1 30413
85.32500000011083 v1 30941
83.607763 v1 31985
79.101214 v1 32117
94.291076 v1 33233
78.78743399999999 v1 33593
94.577843 v1 34097
95.778854 v1 34925
95.762097 v1 35105
92.096992 v1 35513
92.769543 v1 39533
95.15000000011308 v1 40169
89.70474300000002 v1 41069
93.728333 v1 55481
88.35349300000001 v1 55781
90.467024 v1 56057
80.305554 v1 56153
100.02500000011419 v1 16205
104.67500000011525 v1 16205
105.00000000011529 v1 16205
109.65000000011636 v1 16205
109.97500000011644 v1 16205
114.6250000001175 v1 16205
114.97500000011757 v1 16205
119.60000000011864 v1 16205
119.95000000011869 v1 16205
124.57500000011976 v1 16205
124.90000000011983 v1 16205
110.17500000011648 v1 16949
107.02500000011575 v1 24593
122.1500000001192 v1 24881
101.312247 v1 26573
104.459631 v1 29525
123.77171 v1 29633
120.836518 v1 29765
103.531688 v1 29825
120.627803 v1 31385
117.855921 v1 31433
119.28064 v1 31685
111.94173300000004 v1 32453
107.924804 v1 33029
121.550595 v1 33929
119.331509 v1 34025
109.84046399999998 v1 34145
102.95813 v1 35213
123.10662 v1 35585
106.29814499999999 v1 36101
108.103813 v1 39593
114.83916100000002 v1 39785
104.607276 v1 40013
123.63702099999999 v1 40049
122.1500000001192 v1 40169
101.50000000011451 v1 40229
106.97500000011532 v1 42749
115.65000000011773 v1 52781
100.45000000011429 v1 54485
125.303441 v1 293
142.9500000001069 v1 13625
129.8750000001188 v1 16205
134.52500000011455 v1 16205
134.85000000011428 v1 16205
139.50000000011005 v1 16205
139.8500000001097 v1 16205
144.47500000010552 v1 16205
144.82500000010518 v1 16205
149.82500000010066 v1 16205
136.75000000011258 v1 21641
131.00441999999998 v1 29345
143.49151299999997 v1 29453
125.73621599999998 v1 29489
125.16646 v1 29681
136.705921 v1 30125
128.12500000012042 v1 30941
145.536825 v1 31265
129.896391 v1 32321
125.455679 v1 32621
135.26259599999997 v1 32681
129.31761899999998 v1 32705
146.702085 v1 32777
131.142781 v1 33089
125.40880800000001 v1 34913
135.57064400000002 v1 36137
134.94872999999998 v1 39605
141.119546 v1 39653
127.666243 v1 39941
131.53116999999997 v1 42113
128.05000000012046 v1 53285
133.540479 v1 55385
131.00441999999998 v1 55469
134.51732099999998 v1 55685
135.57064400000002 v1 55805
159.5000000000919 v1 13445
154.77500000009616 v1 16205
159.40000000009198 v1 16205
159.75000000009163 v1 16205
164.72500000008708 v1 16205
169.82500000008247 v1 16205
174.725000000078 v1 16205
164.72500000008708 v1 21569
168.168267 v1 29345
151.84602999999996 v1 29537
166.94596299999998 v1 29693
172.72408999999996 v1 29765
165.026084 v1 29861
155.144733 v1 31205
150.95 v1 31697
171.94359599999996 v1 32309
170.94543899999996 v1 32933
168.838801 v1 33233
170.97332799999995 v1 34673
171.76592599999995 v1 35081
170.21370299999995 v1 36065
170.70051399999997 v1 39593
158.741411 v1 39617
150.620041 v1 39797
169.784583 v1 39989
155.45000000009554 v1 54953
169.54742599999997 v1 55469
174.632634 v1 56045
179.72500000007346 v1 16205
199.52500000005543 v1 16205
190.4500000000637 v1 24989
179.8000000000734 v1 28433
193.507616 v1 29549
192.23723700000002 v1 29741
199.836899 v1 29765
186.297238 v1 30005
193.7750000000607 v1 30305
180.10000000007312 v1 30941
183.13213700000003 v1 31901
176.719662 v1 32213
184.333565 v1 32345
195.94702199999998 v1 32513
179.83007899999996 v1 32897
185.09788100000003 v1 33593
190.753117 v1 34085
187.619175 v1 34277
185.250887 v1 34541
176.469203 v1 34697
181.542608 v1 34973
193.253902 v1 35249
192.018339 v1 35273
176.469203 v1 39809
188.900509 v1 50129
176.17500000007666 v1 52625
196.85000000005792 v1 53441
177.05437199999992 v1 55985
0.22500000010000007 v1 12198
5.20000000010004 v1 12198
10.175000000099956 v1 12198
15.150000000099675 v1 12198
20.12500000009939 v1 12198
24.401678 v1 29814
11.275000000099896 v1 53706
25.12500000009911 v1 12198
30.100000000098824 v1 12198
35.05000000009941 v1 12198
40.02500000010054 v1 12198
45.00000000010167 v1 12198
49.975000000102796 v1 12198
25.32500000009909 v1 12510
31.850000000098724 v1 14166
28.350000000098923 v1 16926
47.200000000102165 v1 21762
36.525486 v1 29502
44.120938 v1 29718
32.82293600000001 v1 29910
40.573875 v1 34710
41.17505900000001 v1 35442
29.97500000009883 v1 53706
39.800000000100496 v1 53706
40.878825000000006 v1 55422
31.166678000000005 v1 55458
34.43513300000001 v1 55518
63.044201 v1 798
63.043512 v1 5286
54.95000000010394 v1 12198
59.925000000105065 v1 12198
64.90000000010619 v1 12198
69.87500000010732 v1 12198
74.85000000010845 v1 12198
56.22500000010422 v1 12222
50.100000000102824 v1 12510
74.85000000010845 v1 18858
72.10397400000002 v1 29322
61.926671 v1 29406
51.822299 v1 29766
50.30872600000001 v1 29826
54.725462 v1 29946
72.07948 v1 30066
51.80000000010322 v1 30894
73.44828500000001 v1 32094
61.39034399999999 v1 32262
70.752682 v1 32442
57.767327 v1 33006
74.05310899999999 v1 33294
72.142753 v1 34266
74.187811 v1 39930
69.00000000010712 v1 40146
61.3750000001054 v1 40158
50.70000000010297 v1 40170
50.4000000001029 v1 53706
69.97500000010734 v1 53706
70.752682 v1 55410
66.374832 v1 55602
67.84274 v1 55866
53.762466 v1 55974
90.086641 v1 546
79.264135 v1 2958
79.82500000010958 v1 12198
84.8000000001107 v1 12198
89.77500000011185 v1 12198
94.75000000011299 v1 12198
99.72500000011412 v1 12198
99.52500000011406 v1 24918
75.12500000010851 v1 25134
90.93741 v1 29502
92.83206 v1 29802
77.614862 v1 29886
92.079829 v1 29994
91.95000000011234 v1 30234
91.993701 v1 32010
95.167668 v1 32298
95.778854 v1 32646
88.95116600000001 v1 33054
89.864222 v1 33378
94.243443 v1 34410
92.195057 v1 35046
99.993394 v1 35562
98.982329 v1 35574
93.728333 v1 36114
91.005728 v1 39630
92.90606899999999 v1 39954
98.41350100000002 v1 40026
87.85000000011141 v1 40170
75.12500000010851 v1 40194
97.5500000001136 v1 53190
84.95000000011075 v1 53706
93.098714 v1 55554
89.40245200000003 v1 55662
86.033798 v1 55974
96.315159 v1 56166
104.70000000011524 v1 12198
109.67500000011637 v1 12198
114.65000000011749 v1 12198
119.62500000011863 v1 12198
124.60000000011976 v1 12198
109.90000000011642 v1 13110
120.67500000011887 v1 14046
103.90000000011507 v1 14790
120.22500000011877 v1 16902
112.92500000011714 v1 25062
123.4500000001195 v1 28338
121.466534 v1 29586
122.950217 v1 29814
123.162797 v1 29826
104.364052 v1 30066
123.0250000001194 v1 30246
123.30000000011948 v1 30282
122.92500000011938 v1 30414
122.393465 v1 32490
118.08183300000003 v1 33270
103.260062 v1 33414
117.855921 v1 33474
106.225436 v1 33630
106.442149 v1 34194
104.459631 v1 34290
105.85088799999998 v1 34614
100.187614 v1 34758
118.689917 v1 35322
102.07864000000002 v1 35646
116.309747 v1 39642
100.187614 v1 39654
110.77500000011663 v1 40146
110.35000000011652 v1 40170
120.4500000001188 v1 53706
115.69405 v1 55422
102.412293 v1 55590
121.78718700000002 v1 55854
108.420868 v1 56202
135.57064400000002 v1 174
129.57500000011908 v1 12198
134.55000000011455 v1 12198
139.52500000011005 v1 12198
144.5000000001055 v1 12198
149.47500000010098 v1 12198
128.65000000011992 v1 12990
139.82500000010978 v1 13998
131.01125 v1 24558
135.59877600000002 v1 29382
130.57017499999998 v1 29502
138.50268300000002 v1 29658
136.261913 v1 29910
134.035914 v1 29946
149.53934399999997 v1 29946
138.831301 v1 30030
149.08938200000003 v1 30030
133.00000000011596 v1 30414
134.647673 v1 31158
136.261913 v1 32958
130.27907 v1 33042
125.73621599999998 v1 33258
125.73621599999998 v1 35286
149.53934399999997 v1 36126
147.92396599999995 v1 39726
127.494073 v1 39774
146.04468400000002 v1 51486
138.42500000011105 v1 53706
128.67500000011992 v1 54426
129.92504199999996 v1 55602
132.75517299999998 v1 55770
141.48763899999997 v1 55974
159.67605600000002 v1 462
154.45000000009642 v1 12198
159.42500000009193 v1 12198
164.4000000000874 v1 12198
169.37500000008288 v1 12198
174.35000000007838 v1 12198
159.9000000000915 v1 16914
168.32500000008386 v1 16938
156.1500000000949 v1 16974
150.77500000009982 v1 21906
168.168267 v1 22866
161.25563000000002 v1 29802
164.362285 v1 29814
162.936006 v1 30066
172.545654 v1 31506
171.184196 v1 31686
155.39691100000002 v1 31710
151.867907 v1 32262
150.00016699999995 v1 32622
171.13381499999997 v1 34014
162.98249299999995 v1 34314
168.168267 v1 35106
172.545547 v1 35982
172.58898100000002 v1 39582
170.83381499999996 v1 39738
173.73345600000002 v1 39954
154.08271899999997 v1 40038
155.22500000009575 v1 55146
163.87500000008788 v1 55146
161.25563000000002 v1 55518
157.95248600000002 v1 55914
172.60120899999995 v1 55998
152.21046599999997 v1 56094
158.70345299999997 v1 56202
187.00050900000002 v1 2166
184.333565 v1 10686
196.42500000005828 v1 12054
179.32500000007386 v1 12198
184.3000000000693 v1 12198
189.2750000000648 v1 12198
194.25000000006023 v1 12198
199.22500000005573 v1 12198
197.6500000000572 v1 16938
194.825949 v1 23298
190.581445 v1 23562
191.685457 v1 29358
193.58243500000003 v1 29634
180.99905800000002 v1 29922
199.218001 v1 29922
193.217529 v1 30054
199.702865 v1 30078
190.741964 v1 30114
181.715774 v1 31458
199.548292 v1 34734
191.27875 v1 38958
191.001313 v1 39978
195.95000000005868 v1 40158
184.27500000006933 v1 40170
187.619175 v1 55458
0.0500000001 v1 24931
5.025000000100038 v1 24931
5.400000000100043 v1 24931
10.000000000099966 v1 24931
10.375000000099943 v1 24931
14.975000000099685 v1 24931
15.350000000099662 v1 24931
19.9500000000994 v1 24931
20.32500000009938 v1 24931
24.92500000009912 v1 24931
10.368413 v1 29791
40.573875 v1 691
26.000000000099053 v1 21895
25.300000000099093 v1 24931
29.900000000098835 v1 24931
30.27500000009881 v1 24931
34.87500000009937 v1 24931
35.250000000099455 v1 24931
39.8500000001005 v1 24931
40.225000000100586 v1 24931
44.82500000010163 v1 24931
45.20000000010172 v1 24931
49.800000000102756 v1 24931
34.65000000009932 v1 28735
37.120974 v1 29695
48.636518 v1 30007
26.975000000099 v1 30211
47.72610100000001 v1 31039
32.769624 v1 32959
47.89102000000001 v1 34675
33.30000000009901 v1 40147
43.57500000010135 v1 40147
62.73026900000001 v1 24235
50.175000000102855 v1 24931
54.775000000103894 v1 24931
55.15000000010398 v1 24931
59.750000000105025 v1 24931
60.12500000010511 v1 24931
64.72500000010615 v1 24931
65.10000000010623 v1 24931
69.70000000010728 v1 24931
70.07500000010737 v1 24931
74.6750000001084 v1 24931
52.175000000103296 v1 28471
59.611307 v1 29335
61.73060000000001 v1 29383
69.088913 v1 29431
65.63029300000001 v1 29695
58.214344999999994 v1 30115
50.30872600000001 v1 33559
58.214344999999994 v1 33751
71.295537 v1 34219
58.396424 v1 35179
61.73060000000001 v1 35791
66.37407900000001 v1 46855
58.519071 v1 55387
64.518784 v1 55999
58.95934499999999 v1 56023
92.32500000011242 v1 15007
80.15000000010966 v1 15103
75.0500000001085 v1 24931
79.65000000010954 v1 24931
80.02500000010963 v1 24931
84.62500000011067 v1 24931
85.00000000011077 v1 24931
89.60000000011179 v1 24931
89.97500000011189 v1 24931
94.57500000011294 v1 24931
94.95000000011301 v1 24931
99.55000000011408 v1 24931
99.92500000011415 v1 24931
98.05000000011371 v1 28519
98.25000000011377 v1 28531
80.91076500000001 v1 29359
99.905193 v1 29383
94.489655 v1 29443
78.708209 v1 29551
95.167668 v1 29803
79.264135 v1 29899
96.009891 v1 30151
95.7500000001132 v1 30415
90.03840100000002 v1 31291
91.621307 v1 31339
93.29817299999999 v1 31783
93.739799 v1 32083
79.157011 v1 32959
80.5989 v1 33307
94.397652 v1 33487
93.29817299999999 v1 34591
97.130766 v1 34855
81.17760200000002 v1 35215
97.130766 v1 35887
84.91640500000003 v1 39667
91.105525 v1 55447
90.086694 v1 55687
104.364052 v1 10075
123.4500000001195 v1 12043
116.800000000118 v1 12487
123.0000000001194 v1 13387
121.72500000011914 v1 14491
100.77500000011436 v1 14779
104.5250000001152 v1 24931
104.90000000011528 v1 24931
109.50000000011632 v1 24931
109.87500000011643 v1 24931
114.47500000011746 v1 24931
114.85000000011757 v1 24931
119.45000000011859 v1 24931
119.82500000011869 v1 24931
124.42500000011972 v1 24931
124.8000000001198 v1 24931
111.498661 v1 29395
124.228934 v1 29491
107.924804 v1 30067
113.17500000011715 v1 30259
115.92500000011779 v1 30355
105.52500000011543 v1 30391
105.02500000011531 v1 30403
123.05471 v1 31483
118.08183300000003 v1 32071
118.08183300000003 v1 33079
120.516328 v1 33415
115.251966 v1 33775
121.466534 v1 33859
108.563977 v1 33955
116.703951 v1 34147
103.759367 v1 34375
123.77171 v1 34687
110.74734499999998 v1 34771
123.05471 v1 34987
123.05471 v1 35335
117.460155 v1 35683
121.682776 v1 35743
106.89543400000002 v1 35827
118.602242 v1 35839
121.466534 v1 36199
107.85000000011594 v1 36763
103.695487 v1 39535
122.26363200000002 v1 39679
104.27500000011489 v1 39739
107.924804 v1 39811
109.57500000011636 v1 40159
122.57736 v1 50383
103.650000000115 v1 53323
111.17500000011671 v1 53323
111.053136 v1 55735
118.905495 v1 55999
124.641824 v1 56143
120.624975 v1 56215
147.3500000001029 v1 16951
129.63116999999997 v1 18991
129.40000000011923 v1 24931
129.7750000001189 v1 24931
134.3750000001147 v1 24931
134.75000000011437 v1 24931
139.3500000001102 v1 24931
139.72500000010984 v1 24931
144.32500000010566 v1 24931
144.7000000001053 v1 24931
149.30000000010114 v1 24931
149.6750000001008 v1 24931
126.5750000001202 v1 25327
142.509749 v1 27295
135.35000000011382 v1 28963
143.55396599999997 v1 29707
137.330752 v1 29755
128.99321499999996 v1 31303
149.67415299999996 v1 31747
128.789675 v1 32203
134.51732099999998 v1 33223
133.244722 v1 33379
137.74491999999998 v1 34051
143.537128 v1 34099
141.507672 v1 34111
135.57064400000002 v1 34159
131.04982099999998 v1 35095
137.880559 v1 35215
139.952354 v1 36055
148.10000000010226 v1 40159
126.27500000012014 v1 54859
129.22315600000002 v1 55387
145.013959 v1 55627
130.058914 v1 55663
141.48763899999997 v1 55687
125.109301 v1 55735
147.011884 v1 55951
173.21748300000002 v1 7039
152.40000000009832 v1 12175
173.73991299999997 v1 22063
154.27500000009658 v1 24931
154.65000000009627 v1 24931
159.2500000000921 v1 24931
159.62500000009175 v1 24931
164.22500000008756 v1 24931
164.60000000008722 v1 24931
169.20000000008304 v1 24931
169.5750000000827 v1 24931
174.1750000000785 v1 24931
174.55000000007817 v1 24931
172.60120899999995 v1 29575
169.74793 v1 30031
156.92839899999996 v1 30067
169.57560099999995 v1 31039
173.73991299999997 v1 31735
173.654342 v1 31963
168.784583 v1 32959
168.784583 v1 34219
154.217449 v1 34279
170.94543899999996 v1 34807
174.50311200000002 v1 35191
159.029458 v1 35563
167.99614299999996 v1 36151
166.64789199999996 v1 36163
155.90000000009513 v1 40147
161.246453 v1 55699
166.94596299999998 v1 55879
171.184196 v1 55891
160.41387600000004 v1 55927
172.93419699999995 v1 56179
189.851215 v1 6247
191.685457 v1 8275
178.67118899999997 v1 10267
191.275000000063 v1 16927
187.00050900000002 v1 21091
187.42500000006646 v1 21847
179.15000000007402 v1 24931
179.52500000007362 v1 24931
184.12500000006943 v1 24931
184.50000000006912 v1 24931
189.10000000006488 v1 24931
189.4750000000646 v1 24931
194.0750000000604 v1 24931
194.45000000006007 v1 24931
199.05000000005592 v1 24931
199.42500000005558 v1 24931
197.57500000005726 v1 28495
188.873647 v1 29575
193.58243500000003 v1 29707
199.844318 v1 29803
181.250027 v1 29911
191.80648100000002 v1 30019
194.01416 v1 30151
195.30000000005933 v1 30295
176.74014100000005 v1 31171
187.619175 v1 32023
191.699014 v1 32083
197.216353 v1 32311
188.863632 v1 33559
178.12035499999996 v1 33655
192.623399 v1 34579
177.079679 v1 34723
181.436974 v1 34759
192.623399 v1 34903
185.250887 v1 35827
198.72500000005616 v1 36463
199.813062 v1 39931
177.056153 v1 40015
179.82500000007335 v1 40159
178.05165300000002 v1 55723
180.202694 v1 55783
20.525000000099368 v1 1088
0.3000000001000001 v1 14012
5.250000000100041 v1 14012
10.225000000099953 v1 14012
15.225000000099671 v1 14012
20.200000000099386 v1 14012
5.2250000001000405 v1 21440
21.692904000000002 v1 29672
23.811819 v1 32912
15.998156 v1 56048
29.025000000098885 v1 1088
25.175000000099107 v1 14012
30.15000000009882 v1 14012
35.125000000099426 v1 14012
40.10000000010056 v1 14012
45.07500000010169 v1 14012
49.9500000001028 v1 14876
26.45000000009903 v1 17000
25.07500000009911 v1 21440
35.025000000099396 v1 21440
45.05000000010168 v1 21440
49.23993300000001 v1 29348
32.82293600000001 v1 29996
40.99035600000001 v1 30068
28.025000000098945 v1 30908
49.717843 v1 35252
38.654025 v1 39644
41.50000000010088 v1 40196
49.65000000010273 v1 53792
61.22170200000001 v1 2000
50.05000000010281 v1 14012
55.02500000010395 v1 14012
60.000000000105075 v1 14012
64.9750000001062 v1 14012
69.95000000010735 v1 14012
74.92500000010847 v1 14012
64.9250000001062 v1 21440
50.125000000102844 v1 21776
70.2750000001074 v1 28484
51.080481000000006 v1 29840
72.875664 v1 29948
74.976275 v1 30164
68.05000000010689 v1 30260
50.87500000010301 v1 30896
56.34086300000001 v1 31424
72.943823 v1 34460
70.011284 v1 35960
70.43828599999998 v1 39716
55.27500000010401 v1 53792
72.10397400000002 v1 56168
81.42500000010995 v1 1088
79.9000000001096 v1 14012
84.87500000011073 v1 14012
89.85000000011186 v1 14012
94.825000000113 v1 14012
99.80000000011411 v1 14012
89.87500000011187 v1 14216
96.82500000011343 v1 14672
92.50000000011245 v1 18668
79.8750000001096 v1 21440
91.125208 v1 29408
98.126412 v1 29492
95.167668 v1 29756
93.765216 v1 30068
92.344427 v1 30080
88.678248 v1 31952
97.619476 v1 32732
91.382006 v1 33368
80.305554 v1 33452
80.98360600000002 v1 33644
92.370653 v1 33668
86.568113 v1 33680
94.291076 v1 34772
90.93741 v1 35108
84.36853 v1 35420
86.993597 v1 38960
75.75489 v1 39644
98.35000000011335 v1 48152
93.90000000011236 v1 49520
88.678248 v1 55952
103.64528299999998 v1 32
124.7750000001198 v1 1088
104.77500000011526 v1 14012
109.7500000001164 v1 14012
114.72500000011752 v1 14012
119.70000000011864 v1 14012
124.67500000011978 v1 14012
118.95000000011848 v1 16052
121.10000000011897 v1 16976
101.312247 v1 19028
114.6250000001175 v1 21440
108.37500000011607 v1 21680
124.3250000001197 v1 28316
123.12500000011944 v1 28436
119.30191100000002 v1 29480
100.115701 v1 29588
108.672134 v1 29672
112.268364 v1 29840
109.713678 v1 30056
124.8000000001198 v1 30200
120.22500000011877 v1 30908
111.415155 v1 31172
101.993084 v1 31268
102.95813 v1 31496
120.516328 v1 32192
121.472363 v1 32504
117.729428 v1 32552
112.312434 v1 32852
117.729428 v1 33812
122.393465 v1 33824
123.77171 v1 34292
118.08183300000003 v1 34508
103.982356 v1 34520
104.669712 v1 34532
103.260062 v1 34928
124.55471 v1 35000
100.187614 v1 35144
121.36116 v1 35696
115.826162 v1 35792
123.63702099999999 v1 39536
118.89946299999998 v1 39740
119.73236399999999 v1 40052
100.92500000011438 v1 40160
114.05000000011736 v1 40160
121.95000000011915 v1 40196
108.098145 v1 51932
119.97500000011871 v1 53300
129.650000000119 v1 14012
134.62500000011448 v1 14012
139.60000000010996 v1 14012
144.57500000010543 v1 14012
149.5500000001009 v1 14012
126.821317 v1 20672
134.65000000011446 v1 21440
134.943647 v1 29372
125.73621599999998 v1 29540
126.73621599999998 v1 29564
135.59877600000002 v1 29612
142.509749 v1 29876
149.08938200000003 v1 29888
127.49801000000002 v1 29924
134.51732099999998 v1 30164
131.849372 v1 31808
140.512794 v1 32528
145.104174 v1 32684
143.55396599999997 v1 33368
134.99862399999998 v1 33704
138.511807 v1 35876
146.95000000010327 v1 40160
137.434623 v1 55940
159.33186299999997 v1 308
154.52500000009638 v1 14012
159.5000000000919 v1 14012
164.4750000000873 v1 14012
169.4500000000828 v1 14012
174.42500000007828 v1 14012
154.39691100000002 v1 29696
151.84602999999996 v1 29720
150.657074 v1 29804
169.74793 v1 29936
168.4750000000837 v1 30200
174.50311200000002 v1 31436
159.33186299999997 v1 31664
156.28778600000004 v1 32144
160.609524 v1 32564
174.671743 v1 32960
168.29971999999995 v1 33596
154.596142 v1 35120
170.21370299999995 v1 35216
174.045654 v1 35888
170.17056599999995 v1 39524
170.17056599999995 v1 39788
161.264953 v1 39932
157.950944 v1 39980
171.184196 v1 40040
179.40000000007373 v1 14012
184.37500000006924 v1 14012
189.3500000000647 v1 14012
194.3250000000602 v1 14012
199.27500000005568 v1 14012
194.3000000000602 v1 16976
180.62500000007265 v1 18740
189.05000000006495 v1 24944
195.92500000005876 v1 28748
199.844318 v1 29492
197.67461799999998 v1 29540
197.707103 v1 29744
177.079679 v1 29768
182.292228 v1 30044
192.27500000006202 v1 30200
182.219977 v1 31808
188.396155 v1 32912
189.425391 v1 33080
182.36488 v1 33332
191.685457 v1 33368
190.744987 v1 33968
178.05165300000002 v1 34028
191.907173 v1 34844
182.292228 v1 39680
189.272789 v1 39884
190.753117 v1 40004
175.47500000007733 v1 55112
199.324011 v1 55592
198.674618 v1 55604
183.435034 v1 55952
184.18561699999995 v1 56060
22.912957000000002 v1 273
10.150000000099958 v1 18921
15.20000000009967 v1 18921
20.175000000099388 v1 18921
23.775000000099183 v1 21849
16.861977 v1 29937
23.35000000009921 v1 30405
23.811819 v1 33717
49.22500000010263 v1 16293
25.12500000009911 v1 18921
30.125000000098826 v1 18921
35.10000000009942 v1 18921
40.075000000100545 v1 18921
45.05000000010168 v1 18921
28.525000000098917 v1 28401
49.00946800000001 v1 29409
41.048016 v1 29541
25.426025 v1 29721
32.38108 v1 29829
33.575000000099074 v1 30405
32.952401 v1 31329
45.921801 v1 32385
33.424832 v1 32517
38.088446999999995 v1 33477
50.05000000010281 v1 18921
55.07500000010396 v1 18921
60.150000000105116 v1 18921
69.85000000010731 v1 18921
65.42500000010631 v1 25101
74.6500000001084 v1 28449
63.000000000105764 v1 28953
60.674861 v1 29493
59.17576899999999 v1 29541
58.214344999999994 v1 29577
69.985147 v1 29661
63.40953000000001 v1 29757
74.23715 v1 29817
74.79290300000002 v1 30129
73.50000000010813 v1 30213
57.82500000010459 v1 30405
53.78306 v1 32793
50.30872600000001 v1 33069
51.633949 v1 35325
61.10774200000001 v1 39813
74.187811 v1 40041
69.55000000010725 v1 40161
66.630993 v1 55941
85.6000000001109 v1 18729
79.80000000010958 v1 18921
84.92500000011073 v1 18921
89.90000000011186 v1 18921
94.92500000011302 v1 18921
98.97500000011395 v1 21897
99.42500000011404 v1 28329
95.85000000011324 v1 28857
78.27631600000002 v1 29517
96.49798000000004 v1 29541
84.41068100000003 v1 29613
95.167668 v1 29985
90.294498 v1 30009
85.55000000011087 v1 30357
92.87500000011258 v1 30405
86.38933100000001 v1 31089
87.80474300000002 v1 31317
91.105525 v1 31593
96.814191 v1 33921
89.135611 v1 33981
95.778854 v1 34005
89.28064599999999 v1 35529
91.430876 v1 35709
87.349175 v1 35853
81.17760200000002 v1 36105
93.72500000011274 v1 36849
90.901948 v1 39837
77.05000000010895 v1 40149
91.764222 v1 42765
89.974096 v1 55833
117.855921 v1 765
120.674209 v1 10005
115.60000000011772 v1 12609
107.1750000001158 v1 13029
124.25000000011968 v1 14205
100.25000000011423 v1 18921
109.65000000011636 v1 18921
109.70000000011636 v1 18921
119.60000000011864 v1 18921
119.65000000011864 v1 18921
100.32500000011423 v1 21417
111.30701 v1 23613
105.07500000011532 v1 24969
123.72500000011958 v1 25125
124.02500000011965 v1 28341
108.85138 v1 29325
106.025866 v1 29445
117.577905 v1 29541
121.466534 v1 29721
112.986499 v1 29841
103.046099 v1 29901
116.0000000001178 v1 30357
124.00000000011964 v1 30369
122.37500000011927 v1 30405
120.249501 v1 31089
118.602242 v1 32289
124.19411399999998 v1 33777
123.05471 v1 34353
105.47531299999999 v1 34593
121.005488 v1 35133
104.669712 v1 35733
123.90139 v1 35985
101.0750000001144 v1 36849
120.519428 v1 39525
115.27500000011764 v1 40161
120.65000000011887 v1 53349
105.27958000000001 v1 55989
109.548407 v1 56061
129.60000000011902 v1 18921
139.55000000011 v1 18921
149.50000000010098 v1 18921
138.82500000011066 v1 21873
126.5250000001202 v1 28485
140.32198499999998 v1 29469
142.903301 v1 29613
134.387832 v1 29697
137.74491999999998 v1 29757
144.539261 v1 29985
132.572521 v1 30093
138.2250000001112 v1 30405
140.79141299999995 v1 34113
139.380559 v1 35061
130.41194299999998 v1 39825
126.549826 v1 40065
149.5500000001009 v1 40149
136.0250000001132 v1 40161
131.066934 v1 55461
130.71046499999994 v1 55965
140.063625 v1 56085
149.84183700000003 v1 56193
169.986133 v1 1353
150.484262 v1 3945
159.4500000000919 v1 16293
159.4500000000919 v1 18921
169.3500000000829 v1 18921
174.822252 v1 29337
172.60120899999995 v1 29445
150.922349 v1 29781
158.22500000009305 v1 30273
172.60120899999995 v1 34137
172.66691799999998 v1 34269
162.98249299999995 v1 34293
169.63381499999997 v1 34317
168.29971999999995 v1 35049
172.050593 v1 35133
166.272394 v1 39561
168.06046899999996 v1 39801
156.021943 v1 39981
152.132082 v1 55425
196.307526 v1 2925
179.30000000007385 v1 18921
184.4000000000692 v1 18921
189.3500000000647 v1 18921
194.3250000000602 v1 18921
199.3000000000557 v1 18921
186.22500000006755 v1 21813
185.09788100000003 v1 23889
194.8250000000597 v1 28341
188.863632 v1 29409
178.67118899999997 v1 29505
190.055502 v1 29517
189.77250800000002 v1 29541
177.47264199999995 v1 29721
196.282467 v1 29841
198.635413 v1 29901
189.19788300000002 v1 30141
192.2500000000621 v1 30405
194.153921 v1 31965
176.90070499999996 v1 32025
190.805777 v1 32133
190.332697 v1 32169
176.52665399999995 v1 32421
189.272789 v1 32517
188.224026 v1 32625
188.873647 v1 33057
189.272789 v1 33645
193.507616 v1 33873
189.272789 v1 34233
181.966029 v1 35193
193.231007 v1 35325
188.50050900000002 v1 35853
192.03197600000001 v1 36045
194.567882 v1 39621
187.619175 v1 40077
175.7500000000771 v1 40149
194.50000000006006 v1 40149
199.45000000005555 v1 40209
198.333184 v1 51201
184.7250000000689 v1 53289
186.100811 v1 55425
190.744987 v1 55521
184.606843 v1 55905
180.891197 v1 55989
192.888015 v1 56061
5.450000000100044 v1 12190
15.300000000099663 v1 12190
16.80000000009958 v1 16918
21.695016 v1 29890
33.30000000009901 v1 12070
35.300000000099466 v1 12190
33.65000000009909 v1 21766
49.180935999999996 v1 29554
47.58163400000001 v1 34354
40.99035600000001 v1 35806
33.7000000000991 v1 40126
40.12500000010056 v1 40150
34.82500000009936 v1 40162
45.87500000010187 v1 53026
50.818569 v1 334
59.350000000104934 v1 12070
55.12500000010397 v1 12190
65.65000000010636 v1 14134
64.51496999999999 v1 29458
60.369572 v1 29542
66.571381 v1 29698
68.78939000000001 v1 29854
72.875664 v1 29962
74.01691 v1 31666
69.169285 v1 32302
65.029246 v1 32686
70.97793 v1 33010
72.875664 v1 33754
61.10774200000001 v1 34078
71.149447 v1 35134
50.981943 v1 35674
59.275000000104924 v1 40150
64.63026900000001 v1 50578
66.374832 v1 55498
58.519071 v1 55726
85.05000000011077 v1 12190
96.67500000011341 v1 14014
80.65000000010977 v1 14650
87.72500000011136 v1 16894
95.10000000011307 v1 17014
98.15000000011378 v1 21766
96.12500000011327 v1 28750
76.72500000010888 v1 28786
90.27500000011196 v1 28978
95.82698 v1 29386
83.607763 v1 29614
79.484936 v1 29722
89.864222 v1 29758
96.315159 v1 30058
80.2500000001097 v1 30418
76.867972 v1 31198
93.098714 v1 32098
86.883312 v1 33274
96.96573199999999 v1 34018
90.127505 v1 34546
84.41068100000003 v1 34714
98.340565 v1 35794
98.093655 v1 39958
76.80000000010891 v1 40126
98.0250000001133 v1 49282
96.62500000011342 v1 54598
85.745721 v1 55534
120.674209 v1 574
118.89946299999998 v1 1798
118.27500000011831 v1 11962
100.07500000011422 v1 12070
121.97500000011915 v1 13318
120.2750000001188 v1 16954
114.008336 v1 19846
113.05000000011715 v1 21442
117.965352 v1 24286
109.70000000011636 v1 30418
117.536251 v1 32038
124.564521 v1 34222
101.303507 v1 34786
103.531688 v1 35662
103.555571 v1 35674
118.217405 v1 35710
100.187614 v1 35758
104.986577 v1 36022
120.52500000011885 v1 40150
103.21224699999999 v1 41758
107.05000000011576 v1 54598
120.910968 v1 55534
120.516328 v1 55726
108.349864 v1 55798
104.495277 v1 56026
100.518819 v1 56050
128.55000000011998 v1 14710
126.9750000001203 v1 28342
135.25321 v1 29338
134.94872999999998 v1 29422
125.16646 v1 29542
135.940838 v1 29554
138.50067099999998 v1 29614
127.978897 v1 29926
133.77500000011526 v1 30214
132.015923 v1 31666
126.87892800000002 v1 33214
140.32198499999998 v1 34354
142.509749 v1 35038
137.328151 v1 35566
131.00441999999998 v1 39886
134.51732099999998 v1 39982
148.10000000010226 v1 40210
135.044722 v1 45898
125.472988 v1 55438
135.293196 v1 56146
151.22421599999996 v1 1462
172.075536 v1 3634
169.60000000008267 v1 12190
171.40000000008104 v1 14650
171.94359599999996 v1 18574
170.388376 v1 20782
154.05000000009682 v1 21814
162.62500000008905 v1 28726
167.02500000008504 v1 28894
171.184196 v1 29794
172.60120899999995 v1 29818
172.545654 v1 32218
168.168267 v1 33598
169.63381499999997 v1 33754
166.849877 v1 33970
170.97564099999997 v1 34102
164.664144 v1 34150
169.63381499999997 v1 35074
158.010339 v1 35482
174.50311200000002 v1 35818
154.117782 v1 36130
164.814665 v1 39778
151.25000000009936 v1 40126
150.74015400000005 v1 55954
194.389612 v1 154
191.940415 v1 8782
194.15178600000002 v1 9262
199.17500000005575 v1 12070
188.863632 v1 20506
185.367129 v1 27742
196.55000000005816 v1 28342
196.42500000005828 v1 28786
182.36488 v1 29374
199.970741 v1 29530
179.111427 v1 29554
181.00872 v1 29602
178.077239 v1 29770
178.134253 v1 29782
199.813062 v1 31270
187.537457 v1 31846
176.469203 v1 32266
182.65866100000002 v1 32686
178.096284 v1 33334
180.99905800000002 v1 34654
194.85026 v1 35134
188.224026 v1 35686
193.253902 v1 35782
196.533184 v1 35806
184.169265 v1 36070
195.31420400000002 v1 39658
182.819812 v1 39946
187.619175 v1 55906
187.619175 v1 56002
175.23180199999996 v1 56086
181.982227 v1 56206
190.744987 v1 56242
5.625000000100046 v1 13223
15.57500000009965 v1 13223
22.95000000009923 v1 30203
24.025000000099173 v1 40163
7.100000000100068 v1 53051
13.925000000099745 v1 53051
21.325000000099326 v1 53051
28.30000000009893 v1 16247
43.475000000101325 v1 16919
37.07500000009987 v1 21731
33.37500000009903 v1 28919
32.723649 v1 29399
49.180935999999996 v1 29447
49.23993300000001 v1 29495
49.91660200000001 v1 29975
41.17505900000001 v1 33851
41.70700300000001 v1 50651
29.100000000098877 v1 53051
37.05000000009985 v1 53051
44.800000000101626 v1 53051
42.32500000010106 v1 53255
58.396424 v1 29363
58.955422 v1 29675
69.86314300000001 v1 29783
55.081363 v1 29963
70.82500000010755 v1 30323
65.605311 v1 32219
53.216189 v1 33203
74.674079 v1 33983
74.417739 v1 34127
71.242902 v1 35363
74.674079 v1 35495
59.49281300000001 v1 36023
73.44828500000001 v1 36215
72.72500000010797 v1 36839
68.727724 v1 39911
70.705269 v1 40067
58.50000000010474 v1 40163
51.825000000103216 v1 40199
58.37500000010471 v1 52787
53.52500000010361 v1 53051
61.77500000010549 v1 53051
69.47500000010723 v1 53051
62.05000000010554 v1 54755
74.246158 v1 55511
66.374832 v1 55967
53.78306 v1 56207
81.846331 v1 395
99.993821 v1 11171
89.864222 v1 25883
96.37500000011336 v1 28595
79.35000000010947 v1 28919
82.68465 v1 29351
84.202888 v1 29363
95.167668 v1 29471
92.63636100000002 v1 29699
97.201889 v1 29831
95.82698 v1 30059
91.55523 v1 30143
92.370653 v1 30167
84.92500000011073 v1 30203
78.645356 v1 31883
84.41068100000003 v1 31943
91.105525 v1 32723
90.55255 v1 33167
89.460536 v1 33743
84.87950400000003 v1 34775
99.037402 v1 34859
85.650014 v1 39659
89.28064599999999 v1 39851
87.25000000011127 v1 40127
92.77500000011251 v1 40163
82.37514499999999 v1 46199
98.70000000011387 v1 52787
78.75000000010935 v1 53051
88.42500000011154 v1 53051
97.42500000011358 v1 53051
115.72526100000002 v1 5351
101.9500000001146 v1 13595
120.516328 v1 19787
120.50000000011885 v1 24635
114.45000000011746 v1 28931
120.516328 v1 29363
119.225737 v1 29603
115.80000000011776 v1 30215
119.8000000001187 v1 30275
123.283902 v1 31127
110.568869 v1 31163
106.876712 v1 31223
118.08183300000003 v1 31391
120.674209 v1 31883
104.77985100000001 v1 31979
117.431906 v1 33527
112.198398 v1 33587
104.459631 v1 34391
100.51565000000002 v1 34559
123.05471 v1 35003
108.234922 v1 35015
121.550595 v1 35219
101.920977 v1 36023
103.21224699999999 v1 44903
104.22500000011513 v1 53051
114.47500000011746 v1 53051
110.60000000011658 v1 53363
113.12500000011715 v1 53567
123.797325 v1 55775
102.812299 v1 55943
111.053136 v1 56075
109.29814499999999 v1 56207
144.55000000010548 v1 13295
128.50000000012005 v1 21791
139.02500000011048 v1 21899
144.4000000001056 v1 24923
125.16646 v1 29315
136.51629899999998 v1 29339
125.109301 v1 29375
147.943618 v1 29447
129.24479499999998 v1 29519
146.90627899999996 v1 29639
135.59877600000002 v1 29915
139.80398100000002 v1 29963
148.202085 v1 33335
135.59877600000002 v1 35231
143.998923 v1 35387
136.51629899999998 v1 35579
129.24479499999998 v1 39731
149.53934399999997 v1 39851
136.55000000011273 v1 40163
125.67500000012 v1 53051
138.02500000011142 v1 53051
127.57500000012043 v1 54011
127.565998 v1 55631
169.63381499999997 v1 335
154.217449 v1 17879
167.6750000000844 v1 28919
155.07427199999995 v1 29531
161.25563000000002 v1 29915
154.07235599999996 v1 30011
154.117782 v1 31799
169.63381499999997 v1 32051
172.548978 v1 32387
155.04934999999998 v1 32495
169.986133 v1 33047
160.94381 v1 33239
155.11723299999997 v1 33563
168.168267 v1 35015
158.010339 v1 35099
154.39691100000002 v1 35675
172.545654 v1 35687
169.986133 v1 39839
153.48191599999996 v1 40067
159.6750000000917 v1 40127
167.87500000008424 v1 40127
163.750000000088 v1 40163
151.60000000009902 v1 52739
150.37500000010016 v1 53051
164.42500000008738 v1 53051
160.541608 v1 55487
158.39636399999995 v1 55535
161.48963099999997 v1 55823
164.664144 v1 55883
180.52500000007274 v1 12071
196.70000000005803 v1 28931
177.47878999999998 v1 29495
197.67461799999998 v1 29663
186.297238 v1 29867
191.907173 v1 29891
184.962177 v1 29975
192.03197600000001 v1 30011
186.847151 v1 31127
185.250887 v1 31331
179.04542899999996 v1 31463
190.597052 v1 31967
190.332697 v1 32351
199.813062 v1 33203
188.568323 v1 33659
199.702865 v1 33947
191.685457 v1 35627
195.165601 v1 36215
182.65866100000002 v1 39911
199.583306 v1 39971
178.050000000075 v1 40127
191.751215 v1 49451
180.0250000000732 v1 53051
198.8000000000561 v1 53051
198.7750000000561 v1 53363
199.228918 v1 55391
179.54416899999995 v1 55547
178.67836899999998 v1 56243
