timestamps population node_ids
20.775000000099357 v1 28380
21.208225 v1 29412
18.422168 v1 30084
19.525000000099425 v1 40164
18.500000000099487 v1 53700
24.25000000009916 v1 53700
27.835175 v1 29808
32.214756 v1 30000
49.025000000102594 v1 30324
39.938835 v1 32376
33.424832 v1 35244
32.57500000009885 v1 53700
36.72500000009979 v1 53700
35.60000000009953 v1 54024
56.894802 v1 29712
61.73060000000001 v1 29904
51.807023 v1 29916
56.298088 v1 29952
53.177986 v1 29976
74.916138 v1 30048
64.21018199999999 v1 30060
69.46594799999998 v1 30120
71.50000000010769 v1 30228
59.55000000010498 v1 30408
64.24770600000001 v1 31956
63.044201 v1 33672
51.39543000000001 v1 33792
71.86053199999998 v1 35148
53.195614000000006 v1 36120
59.42500000010495 v1 54024
54.58635 v1 55380
96.315159 v1 23448
99.55000000011408 v1 28404
91.82500000011231 v1 28512
84.22500000011058 v1 28788
78.75592400000002 v1 29604
95.126088 v1 29760
93.765216 v1 29952
87.55834200000002 v1 30000
97.220053 v1 30108
88.02515 v1 31080
83.109306 v1 31272
88.678248 v1 31632
97.619476 v1 31668
81.36469999999998 v1 32376
78.63864000000002 v1 33444
94.291076 v1 33948
96.315159 v1 34332
87.681112 v1 34560
76.014988 v1 35184
80.670872 v1 35760
88.270409 v1 35856
94.197439 v1 35976
93.971551 v1 36168
82.722764 v1 39684
91.360511 v1 39708
78.083663 v1 41868
97.67885400000002 v1 44688
78.05000000010918 v1 53700
85.6000000001109 v1 53700
93.22500000011264 v1 53700
83.17500000011034 v1 54024
95.778854 v1 55872
80.369519 v1 55944
123.355787 v1 4068
118.328825 v1 5988
104.669712 v1 8628
122.12500000011921 v1 13524
103.52500000011496 v1 14616
123.77500000011958 v1 16992
119.7750000001187 v1 25104
118.57500000011841 v1 28344
121.87500000011913 v1 28380
119.0500000001185 v1 28512
103.77500000011506 v1 28920
117.10146299999998 v1 29316
121.89505 v1 29352
100.187614 v1 29808
121.466534 v1 29904
117.10146299999998 v1 29916
118.42546899999998 v1 30000
123.05471 v1 30144
112.931753 v1 32124
117.431906 v1 32532
110.74734499999998 v1 33024
123.77171 v1 33300
109.356491 v1 35436
103.56083 v1 36120
111.25000000011671 v1 36312
106.07500000011557 v1 39252
111.213867 v1 39828
119.404934 v1 40008
119.73236399999999 v1 40032
117.50000000011816 v1 40152
104.52500000011476 v1 44880
107.82500000011595 v1 53700
114.05000000011736 v1 53700
123.07500000011942 v1 53700
111.45000000011677 v1 54024
122.85000000011937 v1 54312
102.37500000011472 v1 55104
121.466534 v1 55380
121.550595 v1 55476
116.152845 v1 55572
104.919887 v1 55788
120.516328 v1 55920
117.10146299999998 v1 56016
117.9538 v1 56244
138.60922599999998 v1 6564
133.95856399999997 v1 29316
145.363684 v1 29664
138.511807 v1 29808
128.147168 v1 30048
137.957429 v1 30084
133.21358999999998 v1 31668
146.15381599999995 v1 32664
125.73621599999998 v1 32952
146.073401 v1 33180
141.48763899999997 v1 33456
143.030569 v1 34188
135.59877600000002 v1 34440
133.400891 v1 35976
127.77500000012049 v1 39312
137.20608799999997 v1 39528
129.22315600000002 v1 39684
135.57064400000002 v1 39972
137.2500000001121 v1 40164
128.151081 v1 49152
143.12500000010675 v1 53700
147.65000000010264 v1 54024
132.82213799999997 v1 56088
166.29845799999995 v1 192
168.91673 v1 756
174.455593 v1 3264
161.37500000009015 v1 16056
155.07427199999995 v1 19980
154.97500000009597 v1 21792
156.92839899999996 v1 29328
160.74062099999998 v1 29376
158.70345299999997 v1 29484
169.63381499999997 v1 29520
157.01882899999995 v1 29628
173.601357 v1 29640
154.12298099999995 v1 29952
169.1500000000831 v1 30204
158.62336299999996 v1 31080
169.54742599999997 v1 31812
169.57560099999995 v1 32904
169.63381499999997 v1 33912
169.75236599999994 v1 34776
151.181286 v1 35328
165.68642699999995 v1 35832
171.184196 v1 35964
172.774101 v1 36072
159.466626 v1 39888
166.43631699999997 v1 49776
151.35000000009927 v1 53628
162.82500000008883 v1 53700
164.67500000008715 v1 55080
168.06046899999996 v1 56040
170.94543899999996 v1 56244
188.873647 v1 120
180.202694 v1 10668
196.05000000005865 v1 28404
195.31420400000002 v1 29676
180.946696 v1 29736
180.795971 v1 29856
191.685457 v1 29940
196.352711 v1 30048
190.332697 v1 30132
179.32500000007386 v1 30396
176.90036499999997 v1 31440
189.19788300000002 v1 31464
179.86978199999996 v1 31668
182.79677900000002 v1 32772
187.619175 v1 32988
181.825077 v1 33456
195.729802 v1 33588
181.509218 v1 34068
194.153921 v1 34332
192.527541 v1 34548
176.74014100000005 v1 34692
190.332697 v1 35244
192.592457 v1 35388
198.0500000000568 v1 39252
195.748917 v1 39528
177.72748799999997 v1 39804
191.907173 v1 40008
194.47500000006005 v1 40164
188.3000000000657 v1 53700
194.15000000006037 v1 54024
179.067575 v1 55632
182.65866100000002 v1 56028
20.50000000009937 v1 18649
15.375000000099659 v1 18757
8.450000000100054 v1 53749
17.025000000099567 v1 53749
34.994485999999995 v1 3145
33.575000000099074 v1 18649
43.8500000001014 v1 18649
46.325000000101966 v1 18697
25.425000000099093 v1 18757
32.723649 v1 29353
38.088446999999995 v1 30001
49.91660200000001 v1 30145
29.5026 v1 30169
49.91660200000001 v1 32593
37.232561 v1 35677
48.636518 v1 39781
26.12500000009905 v1 40165
33.625000000099085 v1 40201
26.850000000099012 v1 53749
36.250000000099675 v1 53749
45.82500000010186 v1 53749
42.558873 v1 56005
62.69560300000001 v1 433
56.05978000000001 v1 637
72.35000000010788 v1 16897
55.45000000010405 v1 18889
54.700000000103884 v1 29269
67.698135 v1 29341
64.173084 v1 29377
66.38756200000002 v1 29737
72.875664 v1 30073
59.611307 v1 30169
68.727724 v1 31177
64.173084 v1 32149
50.713854 v1 33157
71.86053199999998 v1 33481
64.24770600000001 v1 33733
74.187811 v1 33817
72.07948 v1 34393
62.82027800000001 v1 34765
57.36508900000001 v1 35065
56.27500000010425 v1 53749
67.1500000001067 v1 53749
72.07948 v1 55465
57.75256400000001 v1 55573
52.22229000000001 v1 55825
85.1250000001108 v1 16897
78.5250000001093 v1 18649
99.42500000011404 v1 18649
90.10000000011192 v1 18757
76.02500000010872 v1 18889
98.887034 v1 22777
94.72500000011296 v1 25069
93.52500000011271 v1 28321
86.568113 v1 29365
80.88731700000002 v1 29569
88.270409 v1 29677
89.28064599999999 v1 29701
97.130766 v1 29761
87.98842500000002 v1 29821
87.68069399999999 v1 29917
97.419863 v1 31033
90.93741 v1 31285
90.93741 v1 32185
80.900947 v1 32545
95.82698 v1 33421
94.701164 v1 33757
97.130766 v1 34609
96.315159 v1 34765
75.239537 v1 35161
86.033798 v1 35521
91.312326 v1 35569
87.801468 v1 35629
92.195057 v1 35701
97.619476 v1 35977
78.514752 v1 39541
92.83740999999999 v1 42457
98.11515899999999 v1 48193
78.42500000010926 v1 53749
89.00000000011167 v1 53749
88.820534 v1 55597
94.486404 v1 55933
89.28064599999999 v1 55981
111.415155 v1 4885
119.20000000011854 v1 16945
115.17500000011762 v1 18697
100.02500000011419 v1 18757
115.07500000011758 v1 18757
120.47500000011885 v1 21721
122.746786 v1 22813
106.29814499999999 v1 26221
121.17500000011898 v1 28549
123.0000000001194 v1 28597
104.14081999999999 v1 29317
100.572652 v1 29389
116.608105 v1 29437
115.826162 v1 29485
117.10146299999998 v1 29605
124.357222 v1 29641
107.13156100000002 v1 29653
116.865793 v1 29713
120.062922 v1 29941
123.63702099999999 v1 30025
124.309595 v1 30109
118.67500000011843 v1 30193
110.762663 v1 31273
116.64114099999998 v1 31993
122.571573 v1 33133
119.73236399999999 v1 33289
106.98503700000002 v1 33589
110.481404 v1 33985
105.47531299999999 v1 34393
109.84046399999998 v1 35089
120.67736 v1 36025
106.263398 v1 36109
117.97500000011827 v1 39325
116.309747 v1 39553
109.702054 v1 39733
118.328825 v1 39937
100.1000000001142 v1 53749
113.7750000001173 v1 53749
112.500000000117 v1 54877
119.225737 v1 55537
117.10146299999998 v1 55909
120.624975 v1 56077
132.42500000011648 v1 13681
145.5000000001046 v1 13741
131.25000000011758 v1 13909
137.82500000011157 v1 14077
139.7000000001099 v1 18649
125.55000000012 v1 25141
146.2500000001039 v1 25153
130.342177 v1 29569
143.49151299999997 v1 29701
147.58533300000002 v1 29761
133.142699 v1 30169
135.78531399999997 v1 32113
132.14163200000002 v1 32257
125.73621599999998 v1 33577
132.82213799999997 v1 34021
129.219418 v1 40009
142.80291499999996 v1 49405
129.82500000011885 v1 53257
126.15000000012013 v1 53749
140.1000000001095 v1 53749
146.11331599999997 v1 55525
173.455593 v1 757
151.07500000009952 v1 13801
162.90000000008874 v1 16897
155.32500000009566 v1 18649
171.52172299999995 v1 23521
169.74793 v1 23833
168.168267 v1 28057
163.25000000008845 v1 28561
164.362285 v1 29305
155.94699599999996 v1 29365
160.64770900000002 v1 29653
174.85261400000005 v1 29653
154.7232 v1 29797
150.067037 v1 29809
170.21370299999995 v1 30169
152.68639099999996 v1 32641
168.168267 v1 34021
171.76592599999995 v1 34417
172.774101 v1 35281
154.73688099999995 v1 39541
154.8500000000961 v1 40153
173.969209 v1 50881
155.67500000009534 v1 53749
173.502336 v1 55417
168.91673 v1 55465
169.54742599999997 v1 55609
173.811801 v1 55705
165.64876999999996 v1 55969
184.962177 v1 2905
183.92500000006962 v1 18649
178.39069999999995 v1 24157
176.32500000007656 v1 25069
183.13213700000003 v1 26041
193.907763 v1 26221
195.729802 v1 29353
198.549613 v1 29377
195.94702199999998 v1 29389
195.94702199999998 v1 29425
194.232131 v1 29437
179.111427 v1 29545
195.748813 v1 29665
194.695271 v1 29869
180.65000000007262 v1 30409
195.727878 v1 31321
186.297238 v1 31465
188.873647 v1 31825
192.888015 v1 34393
192.307139 v1 34501
184.622544 v1 35761
183.45843700000003 v1 39673
190.332697 v1 39757
179.111427 v1 39805
194.954499 v1 39937
178.421277 v1 40057
184.37500000006924 v1 40153
193.818339 v1 41713
175.40233600000005 v1 43093
175.573192 v1 48901
180.2907 v1 49225
175.7250000000771 v1 53749
197.9250000000569 v1 53749
184.962177 v1 55549
179.00395799999995 v1 55597
177.71715600000002 v1 56125
199.31399299999995 v1 56197
10.200000000099957 v1 14006
20.22500000009939 v1 14006
24.92500000009912 v1 21638
23.914314 v1 29378
19.980143 v1 30098
22.594403 v1 36110
16.825000000099582 v1 40166
21.850000000099293 v1 53138
39.000000000100314 v1 21638
40.25000000010059 v1 28298
42.785992 v1 29390
36.525486 v1 29546
47.998603 v1 29738
27.747105 v1 29906
40.878825000000006 v1 31190
31.204816 v1 32822
32.952401 v1 35570
31.500000000098748 v1 53138
68.727724 v1 62
69.55000000010725 v1 13562
72.65000000010795 v1 16886
53.950000000103714 v1 21638
55.649432 v1 27842
59.611307 v1 29546
52.697224 v1 29558
74.674079 v1 29558
61.39034399999999 v1 29618
74.916138 v1 29930
53.762466 v1 30086
72.25000000010786 v1 30386
63.043512 v1 36062
71.59964300000001 v1 39854
56.298088 v1 56078
83.75124800000002 v1 14
91.15000000011216 v1 16970
95.02500000011305 v1 18794
97.77500000011366 v1 21698
99.17500000011398 v1 21818
84.41068100000003 v1 28094
90.679304 v1 29378
93.29817299999999 v1 29546
95.92349899999999 v1 29678
95.778854 v1 29822
77.90135699999999 v1 29834
84.654371 v1 30050
83.205792 v1 30074
93.29817299999999 v1 30110
97.619476 v1 31562
82.912526 v1 32270
88.435622 v1 32462
97.619476 v1 33362
86.97608199999998 v1 33698
82.393742 v1 33818
94.243443 v1 33830
94.243443 v1 33842
80.14905100000001 v1 33854
96.509644 v1 34262
91.621307 v1 35342
82.293267 v1 35354
92.370653 v1 35534
99.275000000114 v1 40094
77.13855300000002 v1 49274
96.10000000011328 v1 53138
89.219868 v1 55622
99.684517 v1 55814
92.83206 v1 56258
118.02500000011827 v1 16946
116.75000000011799 v1 21638
122.393465 v1 29318
108.85138 v1 29510
114.165683 v1 29582
113.727777 v1 29690
120.293028 v1 29906
113.200604 v1 31034
104.459631 v1 31094
111.279865 v1 31118
115.16186299999998 v1 31418
109.84046399999998 v1 32114
123.283902 v1 32126
102.868496 v1 32498
123.77171 v1 33434
103.260062 v1 33518
100.32196 v1 33962
109.548407 v1 34838
106.263398 v1 35318
121.466534 v1 35570
106.48528999999999 v1 35738
122.282527 v1 35942
109.702054 v1 39710
123.05471 v1 39794
114.68583899999999 v1 39806
118.08183300000003 v1 39866
103.260062 v1 40070
123.075000000119 v1 45950
106.0000000001155 v1 53138
120.70000000011886 v1 53138
121.466534 v1 55646
106.225436 v1 55682
104.986298 v1 56174
131.00441999999998 v1 398
145.7000000001044 v1 14930
146.702085 v1 29378
138.37837 v1 29402
134.94872999999998 v1 29594
136.51629899999998 v1 29810
147.39996799999997 v1 30122
125.67500000012 v1 30386
136.170233 v1 31358
146.702085 v1 31790
136.170233 v1 32258
140.14678500000002 v1 32282
142.509749 v1 33290
131.14981 v1 34022
136.261913 v1 34562
125.852634 v1 35594
132.80064399999998 v1 35918
142.5250000001073 v1 40166
138.831301 v1 55574
152.07500000009858 v1 13706
169.20000000008304 v1 14450
173.502336 v1 22670
173.502336 v1 29678
161.50180500000002 v1 29810
161.60029899999995 v1 29834
174.50311200000002 v1 31034
156.67218799999998 v1 31490
159.029458 v1 32102
159.477437 v1 32414
167.22878899999995 v1 33182
169.63381499999997 v1 34094
170.94543899999996 v1 34262
159.333212 v1 34730
173.673192 v1 35066
160.216902 v1 35570
198.30000000005657 v1 13334
190.10000000006406 v1 21638
193.87500000006057 v1 28802
198.856164 v1 29558
192.888015 v1 29594
187.619175 v1 29678
178.096284 v1 29906
179.00395799999995 v1 30014
188.19047899999995 v1 30074
187.619175 v1 30110
181.509218 v1 31082
190.344988 v1 31358
177.05437199999992 v1 31526
190.344988 v1 31622
199.885322 v1 31994
178.05165300000002 v1 32462
176.91520100000002 v1 32558
181.825077 v1 32690
177.47878999999998 v1 32834
188.672005 v1 33362
194.388015 v1 33962
188.672005 v1 34070
186.156697 v1 34754
181.982227 v1 34910
195.748917 v1 35114
177.23993099999996 v1 35354
176.61417799999995 v1 36134
188.95534 v1 39710
189.19788300000002 v1 39878
175.55000000007726 v1 40166
197.725949 v1 47138
180.2907 v1 50066
182.711779 v1 56114
24.956879 v1 29631
24.99117 v1 29703
17.925000000099516 v1 40119
48.40000000010245 v1 14991
26.575000000099024 v1 16947
36.061828999999996 v1 29307
26.331573 v1 29715
47.89102000000001 v1 29871
32.840740999999994 v1 31647
37.611742 v1 32043
33.578115999999994 v1 34563
40.878825000000006 v1 39783
49.57500000010271 v1 40155
73.05000000010806 v1 21903
59.210461 v1 29319
68.55538299999999 v1 29535
72.223253 v1 29847
67.02000500000001 v1 29883
74.187811 v1 30075
58.396424 v1 30111
50.22701500000001 v1 30147
74.155242 v1 31995
61.73060000000001 v1 32235
55.649432 v1 34695
53.600000000103634 v1 54195
60.471127 v1 55503
69.67110799999999 v1 56079
82.85000000011027 v1 16191
75.23855300000002 v1 20583
95.85000000011324 v1 21627
99.55000000011408 v1 21675
96.10000000011328 v1 25227
99.75000000011411 v1 28719
96.814191 v1 29307
95.126088 v1 30075
95.762097 v1 30087
79.484936 v1 30135
92.6250000001125 v1 30195
91.125208 v1 31911
96.330219 v1 32691
90.614777 v1 32703
95.55421899999999 v1 33015
94.492427 v1 33375
77.614862 v1 34095
91.382006 v1 34611
96.434384 v1 34983
84.41068100000003 v1 35043
95.957847 v1 35355
86.568113 v1 35643
96.96573199999999 v1 39567
93.853171 v1 39879
93.52500000011271 v1 40155
84.193267 v1 49503
76.17500000010833 v1 50907
88.08189499999999 v1 55599
80.603374 v1 55827
104.697914 v1 399
117.431906 v1 699
109.84046399999998 v1 2439
117.57500000011817 v1 16899
112.95000000011713 v1 21903
124.30000000011971 v1 28659
120.62500000011886 v1 28827
105.52500000011543 v1 28971
111.14144 v1 29439
101.020274 v1 29511
103.345689 v1 29523
124.099628 v1 29835
122.74865800000002 v1 29883
117.883473 v1 29955
119.404934 v1 29967
110.646371 v1 29979
119.404934 v1 30063
122.67500000011931 v1 30219
112.32500000011696 v1 30267
121.463527 v1 31635
114.51058799999998 v1 31695
120.516328 v1 33135
103.260062 v1 33315
116.608105 v1 33867
103.260062 v1 34371
118.89946299999998 v1 35091
104.669712 v1 35319
123.63702099999999 v1 35655
107.763398 v1 36219
108.42500000011609 v1 36231
122.571573 v1 39519
117.729428 v1 39531
102.700205 v1 39687
112.268364 v1 40011
113.789047 v1 40071
115.47500000011769 v1 40143
105.47500000011541 v1 40167
122.52500000011929 v1 40167
108.198145 v1 45051
112.253016 v1 46899
120.674209 v1 55719
119.73236399999999 v1 55791
106.025866 v1 55995
126.25000000012014 v1 13311
145.07500000010495 v1 16299
129.92504199999996 v1 22935
128.147168 v1 22959
132.73339 v1 24339
145.82500000010432 v1 28971
131.76731499999997 v1 29703
137.594109 v1 29871
145.36076200000002 v1 29943
133.95856399999997 v1 30039
133.925837 v1 30087
132.12500000011676 v1 30267
145.080236 v1 31743
138.831301 v1 31947
138.01837899999998 v1 32547
134.51732099999998 v1 33003
136.261913 v1 33987
138.50268300000002 v1 35043
133.142699 v1 35199
133.21358999999998 v1 35463
134.943647 v1 35643
135.25321 v1 35763
126.416801 v1 36075
140.4250000001092 v1 36327
148.47427499999995 v1 39555
134.59172199999998 v1 39711
131.01125 v1 39783
136.705921 v1 39987
143.35000000010658 v1 40155
127.67500000012045 v1 54207
135.25000000011391 v1 54207
126.900786 v1 55875
155.48761799999997 v1 4539
167.65000000008445 v1 14991
172.069209 v1 21219
166.197457 v1 29379
158.097905 v1 29463
171.829875 v1 29655
163.59608300000002 v1 29703
156.92839899999996 v1 29835
172.548978 v1 30111
158.59983200000002 v1 30147
159.77500000009158 v1 30375
170.184886 v1 31527
169.63381499999997 v1 32535
173.792025 v1 33579
173.02172299999995 v1 34143
155.52500000009547 v1 40119
166.43631699999997 v1 49623
155.25000000009572 v1 53751
166.012254 v1 55563
169.63381499999997 v1 55695
154.117782 v1 55803
170.404236 v1 56139
151.210237 v1 56187
193.682027 v1 675
197.85000000005695 v1 21903
187.00050900000002 v1 29439
187.619175 v1 29631
182.79677900000002 v1 29871
185.250887 v1 29979
199.053862 v1 30075
189.251235 v1 30147
180.456603 v1 31647
177.442953 v1 31839
187.619175 v1 32535
191.685457 v1 32859
182.698782 v1 33051
199.844318 v1 33183
192.527541 v1 33315
178.39069999999995 v1 33543
184.710378 v1 33819
176.52665399999995 v1 33831
189.272789 v1 34563
180.22843700000004 v1 34863
187.00050900000002 v1 35379
199.702865 v1 35955
192.888015 v1 39675
188.873647 v1 39927
193.729802 v1 40023
189.419175 v1 43899
195.807763 v1 45051
179.43208099999995 v1 46311
193.07500000006127 v1 54195
188.90000000006512 v1 55155
179.111427 v1 55515
193.253902 v1 55851
20.62500000009936 v1 12148
12.401735 v1 29668
15.477242000000002 v1 29920
10.750000000099924 v1 40156
40.37500000010062 v1 12148
29.025000000098885 v1 14884
39.80700300000001 v1 29320
31.697209 v1 29440
30.491213000000002 v1 29464
48.200897999999995 v1 29512
49.717843 v1 29752
33.388527 v1 33376
31.175000000098766 v1 54064
54.475000000103826 v1 14896
69.50000000010724 v1 16912
71.87500000010779 v1 28804
72.875664 v1 29332
67.046586 v1 29368
72.07948 v1 29464
64.556851 v1 29476
62.369826 v1 30052
51.90108 v1 30136
50.825000000102996 v1 30892
74.23715 v1 31168
66.047558 v1 32980
62.876523999999996 v1 33484
72.40304200000001 v1 33928
56.843793999999995 v1 34204
51.819511999999996 v1 34240
65.63029300000001 v1 35224
54.725462 v1 35932
72.07948 v1 36088
58.50000000010474 v1 39268
68.32500000010697 v1 40120
90.9000000001121 v1 16912
95.35000000011313 v1 16972
77.20000000010899 v1 28348
98.37500000011379 v1 28372
77.40000000010903 v1 28636
97.5000000001136 v1 28888
84.33300600000003 v1 29440
93.853171 v1 29548
98.126412 v1 29752
97.201889 v1 29812
89.30936899999999 v1 30064
80.5989 v1 31612
79.85015099999998 v1 32188
86.79101 v1 32608
96.23507 v1 33004
76.16755699999999 v1 33604
91.430876 v1 33772
96.315159 v1 33928
86.687628 v1 34240
83.10741099999998 v1 34468
95.167668 v1 34840
84.41068100000003 v1 34876
82.58127800000003 v1 36208
98.115352 v1 39928
103.260062 v1 364
104.669712 v1 6424
120.516328 v1 25516
119.404934 v1 29368
102.908069 v1 29392
104.888793 v1 29596
102.412293 v1 29764
118.89946299999998 v1 29920
115.72526100000002 v1 30100
117.376223 v1 31288
114.867754 v1 31816
120.525682 v1 32356
122.74865800000002 v1 33052
101.749229 v1 33724
104.669712 v1 33916
110.453016 v1 33940
117.376223 v1 33964
118.602242 v1 34240
114.51058799999998 v1 35368
120.249501 v1 35416
101.920977 v1 35428
105.47531299999999 v1 35692
104.669712 v1 35752
101.303507 v1 39532
122.571573 v1 39604
113.378535 v1 39796
121.466534 v1 39808
108.36096299999998 v1 39880
123.77171 v1 40048
116.95000000011801 v1 40120
116.60000000011793 v1 40144
106.47500000011564 v1 40156
118.22500000011831 v1 54400
124.40000000011972 v1 54400
124.866842 v1 55540
116.703951 v1 55696
131.00441999999998 v1 160
134.45000000011464 v1 13612
127.20000000012035 v1 14968
142.90000000010696 v1 21280
131.5250000001173 v1 21352
142.12500000010766 v1 21760
131.555155 v1 26572
137.10000000011223 v1 28408
132.572521 v1 29860
134.943647 v1 29944
139.80398100000002 v1 30016
145.36076200000002 v1 30064
133.540479 v1 30100
136.677437 v1 30136
139.952354 v1 31348
147.187592 v1 31612
146.41312299999996 v1 32368
129.24479499999998 v1 32596
138.511807 v1 33508
143.853329 v1 33712
134.94872999999998 v1 33892
133.95856399999997 v1 34192
146.702085 v1 35848
145.080236 v1 36028
130.57017499999998 v1 39544
142.80291499999996 v1 49576
142.40630299999995 v1 56236
173.10932899999997 v1 5308
173.455593 v1 9040
166.55000000008542 v1 14884
174.67500000007806 v1 14896
173.673192 v1 24052
153.713257 v1 29332
169.63381499999997 v1 29356
168.279132 v1 29464
151.83712799999995 v1 29608
169.63381499999997 v1 29620
169.57560099999995 v1 29668
155.010535 v1 29848
170.178689 v1 31168
166.29845799999995 v1 31372
170.196737 v1 32236
150.094777 v1 33004
154.669301 v1 33328
168.712998 v1 33772
172.71648299999995 v1 34048
161.25563000000002 v1 34156
171.20302299999997 v1 35116
169.63381499999997 v1 39916
158.70345299999997 v1 40024
150.42500000010008 v1 40156
173.421723 v1 46828
173.969209 v1 51508
150.657074 v1 55456
167.67995200000001 v1 55576
188.536722 v1 5152
199.0750000000559 v1 14884
191.001313 v1 29332
189.851215 v1 29440
183.782928 v1 29656
199.702865 v1 29800
180.140207 v1 29920
198.42726000000002 v1 30016
184.28197 v1 30040
175.97151100000002 v1 30064
187.954106 v1 30076
176.52665399999995 v1 30136
196.25000000005844 v1 30304
177.05437199999992 v1 31588
193.907763 v1 32332
188.672005 v1 32836
194.153921 v1 33916
192.527541 v1 34240
188.873647 v1 34432
178.85409399999998 v1 34660
189.19788300000002 v1 34804
176.52665399999995 v1 34936
194.153921 v1 35428
179.76376900000002 v1 35500
190.243068 v1 35692
194.153921 v1 39604
176.90070499999996 v1 39628
188.79708 v1 39928
188.2750000000657 v1 40168
181.850263 v1 46528
179.9000000000733 v1 53944
193.829998 v1 56224
15.998156 v1 29969
18.700000000099468 v1 40157
49.00946800000001 v1 29333
41.963039 v1 29453
42.81814900000001 v1 29885
41.17505900000001 v1 30017
35.525000000099524 v1 30197
34.22500000009922 v1 30329
49.223094 v1 31205
31.956178 v1 32357
41.836645 v1 35393
45.445762 v1 35909
45.30000000010174 v1 40121
49.72500000010274 v1 40169
28.451839 v1 55985
72.77500000010798 v1 16913
71.0750000001076 v1 18893
74.80000000010843 v1 28925
66.644825 v1 29561
61.190081000000006 v1 29573
67.02000500000001 v1 29621
70.43828599999998 v1 29861
62.18017300000001 v1 29993
72.12500000010783 v1 30377
63.40953000000001 v1 32441
63.11390400000001 v1 33773
65.771322 v1 35021
65.771322 v1 39617
69.31524 v1 39953
58.50975600000001 v1 40001
61.10774200000001 v1 40025
61.55000000010544 v1 40121
67.65000000010681 v1 40121
65.80000000010641 v1 40157
63.325000000105845 v1 40169
59.161616 v1 48209
92.2500000001124 v1 16985
96.1750000001133 v1 28301
89.45000000011177 v1 28325
92.2000000001124 v1 28349
98.80000000011391 v1 28721
83.036393 v1 29405
82.37514499999999 v1 29465
80.31190699999998 v1 29477
95.957847 v1 29597
79.658082 v1 29897
89.219868 v1 29993
81.17760200000002 v1 30017
99.542169 v1 30029
90.93741 v1 31505
91.682904 v1 31985
90.272941 v1 32585
87.668796 v1 32645
89.73823100000001 v1 33149
78.645356 v1 33269
91.611692 v1 33389
87.68069399999999 v1 33497
90.294498 v1 34385
85.536213 v1 34397
96.96573199999999 v1 35045
77.614862 v1 35357
98.87500000011393 v1 40121
93.40000000011268 v1 40145
94.0000000001128 v1 40169
95.753171 v1 43697
84.193267 v1 48581
99.176379 v1 55757
116.704955 v1 77
117.52500000011815 v1 16913
110.50000000011656 v1 25121
102.37500000011472 v1 28997
117.10146299999998 v1 29465
124.309595 v1 29477
104.235418 v1 29549
112.231113 v1 29657
119.404934 v1 29681
108.103813 v1 29813
113.62500000011728 v1 30317
108.267383 v1 31193
117.855921 v1 31289
111.498661 v1 31673
123.445198 v1 32993
110.74734499999998 v1 33449
102.23541800000002 v1 33485
112.849029 v1 33617
108.536144 v1 34181
109.702054 v1 34397
119.864267 v1 34769
103.189223 v1 34913
123.05471 v1 35357
103.260062 v1 35537
114.165683 v1 35777
102.07864000000002 v1 35993
101.303507 v1 36017
109.548407 v1 36173
107.72500000011593 v1 39269
112.986499 v1 39677
108.563977 v1 39965
120.516328 v1 40073
117.35000000011813 v1 40157
111.6500000001168 v1 40169
105.52500000011543 v1 40217
111.532374 v1 55625
113.736548 v1 55793
147.5750000001027 v1 16937
148.02500000010232 v1 16985
145.728707 v1 23021
132.4000000001165 v1 24641
130.25000000011843 v1 28997
141.48763899999997 v1 29369
126.821317 v1 29621
147.92396599999995 v1 29669
137.20153200000001 v1 29897
136.705921 v1 29993
132.32500000011655 v1 30377
146.073401 v1 31025
137.330752 v1 31517
125.87948500000002 v1 32033
127.088173 v1 33245
134.387832 v1 34673
131.695611 v1 35321
149.08938200000003 v1 35933
147.54521599999995 v1 39521
126.131753 v1 39941
148.2000000001021 v1 40121
134.8250000001143 v1 40169
135.57064400000002 v1 55769
164.75000000008708 v1 18737
157.754876 v1 23201
166.5000000000855 v1 28361
174.43221799999995 v1 29537
166.849877 v1 29597
154.07427199999995 v1 29837
172.60120899999995 v1 29897
153.48191599999996 v1 30137
158.70345299999997 v1 31193
161.710098 v1 31877
150.484262 v1 32405
168.53912 v1 32477
154.117782 v1 32585
172.60120899999995 v1 32897
154.710273 v1 34145
173.792025 v1 34397
174.20679099999995 v1 35777
165.64876999999996 v1 35957
169.647272 v1 39605
167.22878899999995 v1 39953
174.8250000000779 v1 40121
159.22500000009208 v1 40145
173.455593 v1 55445
169.63381499999997 v1 55913
164.53631699999997 v1 55985
159.43424299999995 v1 56081
173.455593 v1 56249
197.789113 v1 689
191.275000000063 v1 16913
196.02500000005864 v1 24641
193.072591 v1 29405
187.619175 v1 29513
195.94702199999998 v1 29777
195.165601 v1 31133
196.10320700000003 v1 31205
176.90070499999996 v1 31985
191.685457 v1 33185
190.332697 v1 33329
187.619175 v1 33785
182.292228 v1 33833
181.542608 v1 33977
176.74014100000005 v1 34253
193.507616 v1 34709
198.42726000000002 v1 35489
179.75000000007344 v1 40121
180.00000000007321 v1 40169
195.5500000000591 v1 40193
178.85437199999996 v1 42149
191.907173 v1 55625
181.481713 v1 55841
186.14998 v1 55961
15.998156 v1 29718
11.275000000099896 v1 53802
24.500000000099146 v1 53802
34.1250000000992 v1 14934
31.92500000009872 v1 16194
41.42500000010086 v1 16194
38.975000000100295 v1 21330
31.47500000009875 v1 25062
27.475000000098966 v1 28302
41.800000000100944 v1 28650
36.20000000009967 v1 28926
40.344260999999996 v1 29334
46.620895 v1 29370
43.049269 v1 29814
32.840740999999994 v1 29946
29.426046000000003 v1 30006
47.693298 v1 30054
29.87500000009884 v1 40170
40.3000000001006 v1 53802
38.74490900000001 v1 56178
61.92500000010553 v1 18930
51.750000000103206 v1 25062
64.685885 v1 29382
67.84274 v1 29406
56.006644 v1 29430
55.012066 v1 29526
60.674861 v1 29562
71.44176 v1 29730
64.509304 v1 29814
60.460673 v1 29850
67.84274 v1 29850
67.02000500000001 v1 29874
71.295537 v1 29922
55.649432 v1 30078
67.351466 v1 32070
62.359775000000006 v1 32442
69.349087 v1 32682
55.987685 v1 33402
58.955422 v1 34938
74.417739 v1 35598
59.210461 v1 35898
53.950000000103714 v1 40158
57.694125 v1 43722
55.85000000010414 v1 53802
71.67500000010773 v1 53802
71.242902 v1 55506
59.35948199999999 v1 56106
86.568113 v1 534
93.65000000011273 v1 12114
94.95000000011301 v1 16194
96.60000000011341 v1 21858
93.853171 v1 22398
97.9500000001137 v1 24630
78.02500000010917 v1 25062
95.15000000011308 v1 25098
92.85000000011256 v1 28962
79.157011 v1 29682
80.88731700000002 v1 30042
80.14905100000001 v1 30174
92.90606899999999 v1 31854
86.551811 v1 31938
80.900947 v1 32634
89.51062800000003 v1 32874
80.31190699999998 v1 33450
95.844755 v1 34062
96.315159 v1 34566
90.272941 v1 34986
89.28064599999999 v1 35814
83.396752 v1 39606
92.90606899999999 v1 39774
88.30147200000002 v1 40062
85.40000000011085 v1 40122
94.0250000001128 v1 40122
85.30000000011083 v1 40146
88.22500000011148 v1 53802
97.13416 v1 55638
77.90135699999999 v1 55890
82.581626 v1 56178
119.331509 v1 618
116.703951 v1 2994
119.4250000001186 v1 18846
108.92811599999999 v1 21150
107.50000000011588 v1 21330
100.27500000011423 v1 25062
102.95000000011484 v1 25338
120.519428 v1 27606
115.1250000001176 v1 28746
121.82500000011913 v1 28770
118.36766599999999 v1 29310
120.516328 v1 29406
118.31731 v1 29430
116.704955 v1 29454
111.921626 v1 29646
103.66294599999999 v1 29850
121.466534 v1 29874
106.263398 v1 30066
119.28064 v1 30090
111.415155 v1 31314
105.88856200000002 v1 31386
109.812548 v1 31626
123.05471 v1 31782
109.83265300000001 v1 31806
106.68329 v1 32706
108.536144 v1 32754
118.89946299999998 v1 34146
106.025866 v1 34590
119.516328 v1 34914
115.251966 v1 35094
104.495277 v1 35190
124.36409700000002 v1 35694
120.538824 v1 36042
117.10146299999998 v1 39822
116.68394599999999 v1 39882
104.22500000011513 v1 40146
100.35000000011424 v1 40170
105.32500000011538 v1 53802
123.32500000011947 v1 53802
111.567954 v1 55674
121.78718700000002 v1 56142
104.669712 v1 56202
114.165683 v1 56262
143.10000000010675 v1 13302
125.17500000011991 v1 14274
144.7000000001053 v1 16194
138.70000000011078 v1 25062
133.925837 v1 29346
135.57064400000002 v1 29418
135.57064400000002 v1 29718
140.65359299999997 v1 29898
142.56314799999996 v1 30078
148.47427499999995 v1 31506
147.943618 v1 31542
147.71067 v1 32958
142.01085799999996 v1 33090
143.49151299999997 v1 35574
135.94629799999998 v1 35670
149.53934399999997 v1 35958
134.41358999999997 v1 39642
139.2250000001103 v1 40158
141.35000000010837 v1 53802
174.632634 v1 1398
174.35000000007838 v1 21750
160.50000000009095 v1 25062
162.41882299999997 v1 25554
150.20000000010032 v1 28566
165.15000000008672 v1 28710
154.117782 v1 29550
168.784583 v1 29922
163.313958 v1 31938
155.04934999999998 v1 32370
169.57560099999995 v1 33126
150.87872399999995 v1 34074
151.867907 v1 34830
169.85135399999996 v1 35166
174.62500000007807 v1 39258
168.279132 v1 39570
160.216902 v1 39786
155.70000000009532 v1 40146
168.7750000000834 v1 40170
160.60000000009086 v1 53802
166.71666499999995 v1 55386
159.311976 v1 56034
193.794229 v1 4230
184.25000000006932 v1 14934
180.10000000007312 v1 16194
178.97500000007415 v1 21330
189.45000000006462 v1 25062
199.218001 v1 29358
197.216353 v1 29430
178.81339399999996 v1 29454
183.435034 v1 29478
180.99905800000002 v1 29502
185.48765500000002 v1 29526
195.165601 v1 29598
183.435034 v1 29718
182.699756 v1 29730
187.619175 v1 30006
178.85409399999998 v1 30030
182.219977 v1 31026
189.119175 v1 32634
191.907173 v1 32874
195.15392100000003 v1 33354
185.037548 v1 34986
193.907763 v1 35706
176.73240800000005 v1 39798
175.79607199999995 v1 39870
184.18561699999995 v1 39918
180.795971 v1 40050
184.333565 v1 40062
195.5250000000591 v1 40146
175.573192 v1 49278
189.9750000000641 v1 53802
199.970741 v1 55770
188.18512 v1 56046
175.641641 v1 56106
187.00050900000002 v1 56166
16.825000000099582 v1 13519
14.050000000099736 v1 16207
23.896397 v1 29407
8.541456 v1 29635
8.975000000100025 v1 40159
23.62500000009919 v1 40159
31.050000000098766 v1 13519
30.225000000098817 v1 24823
45.350000000101744 v1 24823
44.525000000101564 v1 28903
32.184359 v1 29491
47.998603 v1 35275
46.620895 v1 39619
29.350000000098863 v1 40123
45.675000000101825 v1 40147
38.165434999999995 v1 55579
31.712665 v1 55975
57.975000000104615 v1 13519
55.07500000010396 v1 25027
63.40953000000001 v1 29863
54.58635 v1 31291
64.51496999999999 v1 31375
62.73026900000001 v1 32479
67.351466 v1 32875
54.725462 v1 33463
71.98456700000001 v1 35659
74.196864 v1 36091
71.62500000010772 v1 39055
74.95000000010805 v1 51823
71.55187099999999 v1 55591
69.169285 v1 55915
86.87500000011119 v1 13519
92.02500000011236 v1 16987
96.434384 v1 18055
95.02500000011305 v1 21811
84.85000000011073 v1 24823
81.790097 v1 27583
90.93741 v1 29371
90.272941 v1 29431
83.962526 v1 29479
95.75290799999999 v1 29731
89.30936899999999 v1 29743
93.916563 v1 29767
75.078699 v1 29791
78.53803699999997 v1 29923
83.205792 v1 30007
91.65000000011229 v1 30295
93.728333 v1 31327
95.167668 v1 31915
92.025812 v1 32275
94.620825 v1 32875
96.434384 v1 32923
91.639843 v1 33079
94.291076 v1 33559
78.63864000000002 v1 35551
91.382006 v1 35575
98.92500000011393 v1 36355
83.62500000011046 v1 39271
89.864222 v1 39703
86.42500000011108 v1 40147
81.05000000010986 v1 52759
89.82500000011187 v1 52759
99.10000000011395 v1 54319
86.79101 v1 55807
117.153853 v1 403
118.492103 v1 1183
102.05000000011464 v1 14767
110.77500000011663 v1 16891
118.602242 v1 24499
124.90000000011983 v1 28303
121.50000000011906 v1 28483
120.22500000011877 v1 28543
113.90000000011732 v1 28555
117.10146299999998 v1 29311
101.820107 v1 29467
109.494455 v1 29671
114.761095 v1 29695
106.263398 v1 29911
122.36218700000002 v1 30019
109.517025 v1 30031
120.624975 v1 30079
118.500424 v1 30091
106.320343 v1 31711
106.98503700000002 v1 31855
102.07864000000002 v1 32047
118.492103 v1 32383
102.07864000000002 v1 32743
101.749229 v1 32803
117.153853 v1 32827
122.950217 v1 32995
103.260062 v1 33151
109.393035 v1 33547
118.492103 v1 33883
116.36766599999999 v1 34171
120.67736 v1 35047
121.78718700000002 v1 35071
122.74865800000002 v1 35371
105.88856200000002 v1 36139
115.40000000011769 v1 36283
120.516328 v1 39571
107.969843 v1 39643
114.165683 v1 39751
101.749229 v1 39775
119.4750000001186 v1 40123
123.0500000001194 v1 40123
113.50000000011723 v1 40159
114.85000000011713 v1 51823
120.548838 v1 55423
104.697914 v1 55567
107.225866 v1 55963
135.87500000011335 v1 13519
141.13802099999995 v1 23371
146.15381599999995 v1 23671
125.73621599999998 v1 26707
139.55000000011 v1 28411
149.6750000001008 v1 28543
125.109301 v1 29659
127.547669 v1 29671
149.08938200000003 v1 30043
135.57064400000002 v1 31471
133.400891 v1 31519
132.49738899999997 v1 31603
125.37516399999998 v1 31783
126.821317 v1 31807
141.507672 v1 32059
149.53934399999997 v1 32647
134.94872999999998 v1 32923
125.73621599999998 v1 33595
134.51732099999998 v1 33799
143.260519 v1 34171
136.261913 v1 34483
148.47427499999995 v1 39559
140.90291499999995 v1 39667
139.808238 v1 39763
131.466308 v1 39823
137.284572 v1 39907
136.11518600000002 v1 39931
147.54521599999995 v1 40003
130.57017499999998 v1 40075
136.37500000011292 v1 40123
141.60000000010814 v1 40159
147.37477299999995 v1 55399
147.58533300000002 v1 55579
136.81896 v1 55915
155.56508299999996 v1 31
171.30000000008113 v1 13519
162.8500000000888 v1 16207
169.4500000000828 v1 24823
164.362285 v1 27763
166.67067899999995 v1 29371
151.679523 v1 29635
151.535809 v1 29803
161.48963099999997 v1 30055
162.048794 v1 31219
174.50311200000002 v1 31759
173.673192 v1 32839
160.64770900000002 v1 33463
169.63381499999997 v1 34435
169.986133 v1 35887
156.48501699999997 v1 39871
155.478966 v1 40027
173.969209 v1 41239
169.63381499999997 v1 55843
180.412836 v1 295
176.719662 v1 1807
181.542608 v1 5623
184.47500000006917 v1 24823
199.27500000005568 v1 24823
175.23180199999996 v1 29551
188.004948 v1 29659
175.793662 v1 29767
195.94702199999998 v1 30139
191.832697 v1 31027
190.69788300000002 v1 31075
198.976733 v1 31291
193.622023 v1 32047
178.05165300000002 v1 32479
178.85409399999998 v1 32827
187.954106 v1 33079
184.710378 v1 33355
194.954499 v1 33379
184.606843 v1 33907
178.05165300000002 v1 34579
190.344988 v1 35275
187.13881100000003 v1 36139
186.297238 v1 36199
189.251235 v1 40051
199.75000000005696 v1 51823
183.775825 v1 55591
184.962177 v1 55807
178.29581299999995 v1 55975
177.079679 v1 56023
184.606843 v1 56047
0.20000000010000005 v1 28952
5.17500000010004 v1 28952
10.125000000099961 v1 28952
15.100000000099676 v1 28952
20.075000000099394 v1 28952
18.471898 v1 56216
30.35000000009881 v1 14792
43.30000000010129 v1 21860
36.02500000009964 v1 28460
25.05000000009911 v1 28952
30.025000000098828 v1 28952
35.0000000000994 v1 28952
39.97500000010053 v1 28952
44.95000000010165 v1 28952
49.925000000102784 v1 28952
29.562656 v1 29348
27.563442 v1 29372
36.465952 v1 29432
35.210458 v1 29540
33.388527 v1 29744
42.68297000000001 v1 30092
27.096421000000003 v1 30104
29.08062 v1 32156
38.842442999999996 v1 55940
33.424832 v1 56192
62.37500000010562 v1 24620
67.60000000010679 v1 28748
54.92500000010393 v1 28952
59.90000000010507 v1 28952
64.87500000010618 v1 28952
69.85000000010731 v1 28952
74.82500000010845 v1 28952
62.585087 v1 29324
66.38756200000002 v1 29444
56.076770999999994 v1 29972
73.828622 v1 32336
74.09559500000002 v1 32552
72.029871 v1 32648
73.40304200000001 v1 33548
72.323052 v1 34052
58.761616 v1 34148
72.550268 v1 34736
66.630993 v1 34832
72.07948 v1 35288
62.119777000000006 v1 36044
71.242902 v1 39692
67.02000500000001 v1 39980
72.4500000001079 v1 40124
66.50000000010654 v1 40148
94.25000000011286 v1 18644
95.778854 v1 22628
92.50000000011245 v1 28400
79.80000000010958 v1 28952
84.77500000011071 v1 28952
89.75000000011185 v1 28952
94.70000000011295 v1 28952
99.7000000001141 v1 28952
82.80954 v1 29384
98.41350100000002 v1 29540
91.009777 v1 29948
84.760191 v1 29960
92.52500000011247 v1 30368
83.488463 v1 31088
93.755595 v1 31772
80.670872 v1 31904
75.00012 v1 33392
91.382006 v1 33500
81.846331 v1 35048
80.15668600000002 v1 35300
76.914316 v1 35504
95.778854 v1 35504
90.327654 v1 36080
97.42500000011358 v1 40148
98.334384 v1 45380
77.13855300000002 v1 48692
84.193267 v1 49340
91.606504 v1 55412
75.239537 v1 55520
98.41350100000002 v1 55592
81.846331 v1 56060
76.867972 v1 56180
119.498765 v1 608
100.17500000011421 v1 14792
106.79691899999999 v1 19904
105.52500000011543 v1 21860
117.57500000011817 v1 24800
102.62500000011477 v1 25016
104.65000000011524 v1 28952
109.65000000011636 v1 28952
114.6250000001175 v1 28952
119.57500000011862 v1 28952
124.55000000011977 v1 28952
105.38141399999999 v1 29324
119.28064 v1 29420
117.460155 v1 29444
116.608105 v1 29768
117.460155 v1 29792
121.463527 v1 29816
103.982356 v1 29864
124.564521 v1 29900
114.472099 v1 29972
114.761095 v1 30008
111.921626 v1 30056
110.25713799999998 v1 30152
120.627803 v1 31628
111.842419 v1 32156
102.07864000000002 v1 32240
116.664673 v1 32312
116.608105 v1 33632
103.67374300000002 v1 33872
107.924804 v1 34916
104.986577 v1 34964
115.72526100000002 v1 35144
105.749843 v1 39932
111.415155 v1 39992
106.569712 v1 42044
102.02500000011463 v1 54104
108.12500000011602 v1 54104
109.393035 v1 55616
110.568869 v1 55880
119.404934 v1 55940
128.05000000012046 v1 24620
129.52500000011912 v1 28952
134.5000000001146 v1 28952
139.47500000011007 v1 28952
144.45000000010558 v1 28952
149.450000000101 v1 28952
141.236512 v1 29360
143.929118 v1 29600
127.666243 v1 29672
137.99036599999997 v1 29768
148.36059199999994 v1 29804
134.51732099999998 v1 29960
126.821317 v1 30020
140.30078899999998 v1 30104
137.0250000001123 v1 30248
133.244722 v1 32708
137.880559 v1 32768
147.228707 v1 33020
146.96555800000002 v1 33560
134.878929 v1 33788
140.14678500000002 v1 34316
147.62579699999995 v1 34700
135.663584 v1 35264
142.509749 v1 39596
145.597703 v1 39776
136.170233 v1 39812
125.87948500000002 v1 39884
139.00070399999998 v1 40064
140.0000000001096 v1 40148
130.047168 v1 44984
149.53934399999997 v1 55508
141.236512 v1 55868
136.33260199999998 v1 55976
129.219418 v1 56048
155.80000000009522 v1 25052
161.32500000009017 v1 28316
154.42500000009647 v1 28952
159.37500000009197 v1 28952
164.37500000008743 v1 28952
169.32500000008292 v1 28952
174.3250000000784 v1 28952
173.811801 v1 29336
174.43221799999995 v1 29672
166.94596299999998 v1 29876
152.21046599999997 v1 29960
172.71648299999995 v1 30032
154.710273 v1 30044
174.43221799999995 v1 31784
171.184196 v1 32144
163.86047599999995 v1 32156
156.021943 v1 32936
165.676152 v1 33848
167.076561 v1 36092
172.74543899999995 v1 47756
166.43631699999997 v1 51032
162.41882299999997 v1 55472
173.10932899999997 v1 55616
193.794229 v1 6752
194.57500000006002 v1 14792
179.30000000007385 v1 28952
184.27500000006933 v1 28952
189.2500000000648 v1 28952
194.22500000006028 v1 28952
199.17500000005575 v1 28952
183.435034 v1 29480
186.847151 v1 29780
176.90070499999996 v1 29888
189.583521 v1 29972
186.07768000000002 v1 29996
187.89057 v1 31040
192.018339 v1 31256
184.18561699999995 v1 31268
183.782928 v1 31676
195.31420400000002 v1 31976
184.18561699999995 v1 32156
191.001313 v1 32912
184.18561699999995 v1 33368
175.502336 v1 34028
187.619175 v1 34172
190.332697 v1 34256
188.945647 v1 34736
187.619175 v1 34796
180.891197 v1 35096
186.621622 v1 35768
185.567473 v1 35972
184.622544 v1 36032
186.297238 v1 36140
177.26039099999997 v1 39680
195.729802 v1 39908
175.81492599999996 v1 40016
188.873647 v1 40064
176.17500000007666 v1 40160
0.0500000001 v1 14925
5.025000000100038 v1 14925
5.400000000100043 v1 14925
10.000000000099966 v1 14925
10.375000000099943 v1 14925
14.975000000099685 v1 14925
15.350000000099662 v1 14925
19.9500000000994 v1 14925
24.92500000009912 v1 14925
5.675000000100048 v1 40125
40.25000000010059 v1 13029
29.900000000098835 v1 14925
34.87500000009937 v1 14925
39.8500000001005 v1 14925
44.82500000010163 v1 14925
49.800000000102756 v1 14925
33.225000000098994 v1 16941
25.10000000009911 v1 18705
37.75000000010002 v1 21897
49.9500000001028 v1 29277
43.049269 v1 29841
35.32500000009947 v1 30225
41.17505900000001 v1 34029
43.960522 v1 34773
41.12500000010079 v1 40125
46.400000000102 v1 53253
49.223094 v1 55485
51.45000000010314 v1 13545
54.12500000010375 v1 14457
54.775000000103894 v1 14925
59.750000000105025 v1 14925
64.72500000010615 v1 14925
69.70000000010728 v1 14925
74.6750000001084 v1 14925
57.261616 v1 20337
61.926671 v1 29673
67.410472 v1 29697
50.938551 v1 29709
56.298088 v1 29937
72.142753 v1 30165
51.52500000010316 v1 30417
69.67110799999999 v1 32817
74.187811 v1 32853
52.756887 v1 33477
55.546585 v1 34137
67.84274 v1 35013
72.07948 v1 35925
69.023009 v1 39621
66.38756200000002 v1 40029
57.694125 v1 44301
59.161616 v1 47349
70.052631 v1 55785
79.65000000010954 v1 14925
84.62500000011067 v1 14925
89.60000000011179 v1 14925
94.57500000011294 v1 14925
99.55000000011408 v1 14925
96.50000000011336 v1 18729
99.17500000011398 v1 18765
90.93741 v1 19317
99.60000000011408 v1 25041
92.12500000011238 v1 28845
82.066149 v1 29325
78.08953699999999 v1 29589
82.293267 v1 29613
94.173601 v1 29829
90.14875 v1 29841
90.485417 v1 29901
80.91076500000001 v1 29913
89.135611 v1 29949
76.283663 v1 31581
78.587163 v1 31785
92.370653 v1 32913
81.185817 v1 33261
77.66951700000001 v1 33333
93.755595 v1 33717
89.73823100000001 v1 34545
94.362856 v1 34653
81.308599 v1 35169
99.64504699999999 v1 35505
96.434384 v1 35721
92.344427 v1 35997
85.22500000011081 v1 40149
76.17500000010833 v1 41445
92.83740999999999 v1 43533
77.13855300000002 v1 48981
84.193267 v1 49929
98.50000000011342 v1 49941
99.07500000011395 v1 52953
80.98360600000002 v1 55797
84.89673 v1 56121
80.57974100000001 v1 56193
106.225436 v1 9045
104.5250000001152 v1 14925
109.50000000011632 v1 14925
114.47500000011746 v1 14925
119.45000000011859 v1 14925
124.42500000011972 v1 14925
111.6250000001168 v1 16905
109.7500000001164 v1 18753
106.07500000011557 v1 28425
122.32500000011923 v1 28965
124.52500000011976 v1 29277
117.10146299999998 v1 29745
104.35000000011516 v1 30393
106.320343 v1 31269
117.10146299999998 v1 31305
109.83265300000001 v1 31449
111.415155 v1 32037
118.353916 v1 32289
120.67736 v1 32817
116.704955 v1 33117
102.07864000000002 v1 33585
106.29814499999999 v1 34137
116.68394599999999 v1 34173
124.447782 v1 34197
118.08183300000003 v1 34905
124.641824 v1 35025
109.702054 v1 36129
114.165683 v1 39765
103.531688 v1 39921
101.17500000011444 v1 40161
124.22500000011922 v1 47853
106.05000000011556 v1 53253
102.412293 v1 55533
119.404934 v1 55773
100.785383 v1 56001
130.593851 v1 525
145.36076200000002 v1 9981
128.17500000012035 v1 13905
129.40000000011923 v1 14925
134.3750000001147 v1 14925
139.3500000001102 v1 14925
144.32500000010566 v1 14925
144.7000000001053 v1 14925
149.30000000010114 v1 14925
149.6750000001008 v1 14925
140.90291499999995 v1 23889
142.23076 v1 29313
134.035914 v1 29337
139.83561799999998 v1 29361
127.116142 v1 29613
134.51732099999998 v1 29781
147.86118100000002 v1 29913
140.28058099999998 v1 29997
139.808238 v1 30033
135.57064400000002 v1 30045
125.30000000011991 v1 30213
129.696474 v1 32493
149.53934399999997 v1 33945
139.808238 v1 34773
148.71231799999995 v1 34857
135.78531399999997 v1 35061
134.647673 v1 35169
141.689304 v1 35265
147.187592 v1 35673
143.998923 v1 36033
131.673454 v1 39621
142.45705999999996 v1 39717
146.073401 v1 39849
143.537128 v1 39933
147.58533300000002 v1 39993
147.7000000001026 v1 40161
125.472988 v1 55605
161.80000000008974 v1 13929
154.27500000009658 v1 14925
154.65000000009627 v1 14925
159.2500000000921 v1 14925
159.62500000009175 v1 14925
164.22500000008756 v1 14925
164.60000000008722 v1 14925
169.20000000008304 v1 14925
169.5750000000827 v1 14925
174.1750000000785 v1 14925
174.55000000007817 v1 14925
152.3000000000984 v1 21717
151.95000000009873 v1 24801
157.72664300000002 v1 29421
174.50311200000002 v1 29733
174.109329 v1 30093
152.09298700000002 v1 31365
171.096212 v1 32013
157.43614599999995 v1 32229
154.7232 v1 33081
151.867907 v1 33477
164.53631699999997 v1 33897
157.95248600000002 v1 34389
173.73991299999997 v1 34557
158.70345299999997 v1 35565
173.673192 v1 35973
156.56874599999998 v1 39537
154.117782 v1 39885
150.657074 v1 40005
155.57500000009546 v1 40149
168.023358 v1 55977
194.219681 v1 3153
179.15000000007402 v1 14925
179.52500000007362 v1 14925
184.12500000006943 v1 14925
184.50000000006912 v1 14925
189.10000000006488 v1 14925
189.4750000000646 v1 14925
194.0750000000604 v1 14925
194.45000000006007 v1 14925
199.05000000005592 v1 14925
199.42500000005558 v1 14925
198.5750000000563 v1 18693
195.825949 v1 23157
180.140207 v1 29397
188.76080399999995 v1 29673
175.843735 v1 29829
191.8386 v1 29865
191.907173 v1 30045
185.09788100000003 v1 31077
180.412836 v1 31089
188.873647 v1 31389
176.90070499999996 v1 31677
197.016626 v1 31785
199.053862 v1 32253
195.94702199999998 v1 32277
189.425391 v1 32469
181.825077 v1 32661
182.79677900000002 v1 32973
177.05437199999992 v1 33249
191.907173 v1 33549
180.05026299999997 v1 33693
190.344988 v1 33969
190.753117 v1 33981
192.888015 v1 34029
197.848883 v1 34521
194.629135 v1 34773
199.583306 v1 35145
194.695271 v1 35169
183.558229 v1 36009
181.825077 v1 39669
176.74014100000005 v1 39753
188.631388 v1 40041
193.37500000006102 v1 40161
9.475000000099996 v1 16918
12.110582 v1 29434
12.537512 v1 29650
21.888585 v1 29770
24.956879 v1 30058
14.35000000009972 v1 30310
16.439709 v1 32170
18.950000000099454 v1 40126
20.249923000000003 v1 55438
44.87500000010164 v1 18742
28.800000000098898 v1 28846
48.021024 v1 29362
49.23993300000001 v1 29374
39.690326000000006 v1 35962
29.125000000098876 v1 40126
25.199686 v1 55834
38.694922 v1 56026
70.44176 v1 29434
74.79290300000002 v1 29482
71.55187099999999 v1 29494
55.987685 v1 29998
60.70495500000001 v1 30034
66.571381 v1 31390
60.677048000000006 v1 31990
67.84274 v1 34474
66.630993 v1 35014
74.674079 v1 35662
66.644825 v1 36094
66.05000000010645 v1 40162
71.246158 v1 55402
57.261616 v1 55990
84.45000000011062 v1 16906
99.684517 v1 22150
92.32500000011242 v1 28330
92.344427 v1 29434
97.201889 v1 29446
92.512561 v1 29506
90.14875 v1 29530
84.202888 v1 29698
90.614777 v1 29794
86.122907 v1 29998
80.88731700000002 v1 30034
75.078699 v1 30178
85.10000000011078 v1 30202
98.57500000011385 v1 30202
89.87500000011187 v1 30310
80.15668600000002 v1 31474
78.08953699999999 v1 31822
76.96999100000002 v1 32434
87.801468 v1 33178
79.157011 v1 33274
85.88814 v1 33478
87.80474300000002 v1 34822
94.362856 v1 35026
94.976045 v1 35206
91.682904 v1 35986
93.243689 v1 36130
95.163633 v1 39646
85.13752 v1 39766
93.739799 v1 40030
84.193267 v1 50362
91.728873 v1 55402
91.300586 v1 55570
89.28064599999999 v1 55834
102.90000000011484 v1 14194
106.12500000011556 v1 18646
124.30000000011971 v1 21826
104.669712 v1 22042
124.22500000011969 v1 25114
123.52500000011952 v1 28330
124.52500000011976 v1 28402
108.05205800000002 v1 29434
119.516328 v1 29806
103.260062 v1 29842
104.265383 v1 29854
120.519428 v1 31066
107.924804 v1 31246
103.64528299999998 v1 31342
119.404934 v1 32338
124.099628 v1 32962
114.597954 v1 33190
106.29814499999999 v1 33598
104.669712 v1 34126
107.924804 v1 34474
103.260062 v1 34810
117.10146299999998 v1 36058
108.22500000011604 v1 36262
102.95000000011484 v1 36910
120.519428 v1 39802
106.47500000011564 v1 40162
120.30000000011879 v1 40162
122.2000000001192 v1 40222
101.58451700000002 v1 41734
106.263398 v1 55438
117.153853 v1 55918
120.525682 v1 55966
110.25713799999998 v1 56086
129.72500000011894 v1 21670
130.27907 v1 23590
134.51732099999998 v1 29398
129.63116999999997 v1 29446
126.821317 v1 29578
135.57064400000002 v1 29650
131.673454 v1 30046
146.34448799999996 v1 30106
141.236512 v1 30178
143.260519 v1 31438
125.73621599999998 v1 31474
148.81743799999995 v1 32674
143.65518500000002 v1 33622
143.853329 v1 34186
133.353833 v1 34522
146.702085 v1 35650
146.23453 v1 36046
133.925837 v1 39598
132.68762299999997 v1 39646
148.958363 v1 39922
146.57500000010359 v1 40162
127.53621599999998 v1 44926
145.653329 v1 46606
135.6000000001136 v1 54454
129.5500000001191 v1 54550
141.40612399999995 v1 55402
139.80398100000002 v1 55474
145.104174 v1 55726
139.519104 v1 55822
137.957429 v1 55906
128.571505 v1 55930
134.99862399999998 v1 55954
171.94359599999996 v1 23950
153.80000000009701 v1 28726
165.215621 v1 29314
154.217449 v1 29434
168.467741 v1 29494
170.00179099999997 v1 29746
166.94596299999998 v1 29794
169.63381499999997 v1 30106
167.827178 v1 33046
162.62500000008905 v1 39130
171.64793 v1 48262
170.06826700000005 v1 50722
168.840709 v1 55762
166.42960399999996 v1 55858
182.79677900000002 v1 29374
195.946134 v1 29458
199.218001 v1 29770
175.81492599999996 v1 29806
180.412836 v1 29854
175.20693799999995 v1 29866
192.954499 v1 29890
176.90070499999996 v1 30058
194.15178600000002 v1 30118
193.682027 v1 31090
190.744987 v1 32542
188.672005 v1 32782
194.205169 v1 34306
184.722314 v1 34618
178.53723899999997 v1 35014
190.344988 v1 35842
199.053862 v1 35962
178.05165300000002 v1 35986
195.7000000000589 v1 37222
198.7750000000561 v1 39130
181.684798 v1 39706
176.469203 v1 39982
177.47878999999998 v1 40018
192.9750000000614 v1 40126
186.22500000006755 v1 40162
195.7250000000589 v1 40162
199.20000000005572 v1 54454
189.19788300000002 v1 55894
18.471898 v1 383
0.45000000010000013 v1 14375
5.4250000001000425 v1 14375
20.45000000009937 v1 14375
15.325000000099664 v1 21431
0.17500000010000002 v1 28223
5.150000000100039 v1 28223
10.125000000099961 v1 28223
15.100000000099676 v1 28223
20.050000000099395 v1 28223
9.962886999999998 v1 29687
20.940197 v1 29975
48.47500000010246 v1 16895
43.45000000010132 v1 18863
30.25000000009881 v1 21431
45.17500000010171 v1 21431
25.025000000099112 v1 28223
30.00000000009883 v1 28223
34.97500000009939 v1 28223
39.95000000010052 v1 28223
44.925000000101655 v1 28223
49.900000000102786 v1 28223
26.02500000009905 v1 28439
40.90000000010074 v1 28667
43.57126699999999 v1 29951
40.573875 v1 30059
28.176713 v1 32399
49.00946800000001 v1 32999
34.535544 v1 33863
48.23094 v1 39599
32.82293600000001 v1 39719
48.57500000010247 v1 40163
41.230938 v1 55619
55.27500000010401 v1 21431
74.2750000001083 v1 25211
55.794125 v1 26243
54.875000000103924 v1 28223
59.85000000010505 v1 28223
64.82500000010617 v1 28223
69.8000000001073 v1 28223
74.80000000010843 v1 28223
51.45000000010314 v1 29267
59.72500000010503 v1 29279
57.36508900000001 v1 29363
60.674861 v1 29663
68.55790999999999 v1 31451
66.571381 v1 34055
69.554586 v1 34259
58.396424 v1 35951
63.25358100000001 v1 36071
58.214344999999994 v1 36107
72.0750000001078 v1 36971
67.67500000010682 v1 40127
54.42556999999999 v1 55667
95.45000000011315 v1 16943
86.9250000001112 v1 18647
98.87500000011393 v1 18647
82.293267 v1 20675
75.10000000010852 v1 21431
90.27500000011196 v1 21431
99.85000000011414 v1 21827
79.75000000010955 v1 28223
84.7500000001107 v1 28223
89.70000000011183 v1 28223
94.67500000011296 v1 28223
99.65000000011408 v1 28223
92.12500000011238 v1 28355
77.107152 v1 29327
77.301236 v1 29675
79.264135 v1 29687
93.594938 v1 30059
88.445531 v1 32591
90.086641 v1 33227
80.5989 v1 34511
96.315159 v1 34655
89.40245200000003 v1 34907
86.993597 v1 34967
93.968803 v1 35195
90.022275 v1 35831
85.650014 v1 36119
95.82698 v1 39563
96.069247 v1 39719
95.7750000001132 v1 40127
93.27500000011264 v1 40151
86.31068100000002 v1 50411
95.778854 v1 55559
94.243443 v1 55667
122.847041 v1 659
120.519428 v1 1139
102.32500000011471 v1 13751
121.300000000119 v1 14339
100.50000000011428 v1 14639
123.9250000001196 v1 16907
104.9750000001153 v1 21431
120.22500000011877 v1 21431
104.65000000011524 v1 28223
109.60000000011637 v1 28223
114.5750000001175 v1 28223
119.57500000011862 v1 28223
124.52500000011976 v1 28223
121.10000000011897 v1 28355
100.9750000001144 v1 28439
101.303507 v1 29663
117.431906 v1 29735
117.063322 v1 29831
124.309595 v1 29915
120.062922 v1 29975
109.702054 v1 31067
119.849744 v1 31139
105.47531299999999 v1 31799
121.550595 v1 31835
105.27958000000001 v1 32075
118.31731 v1 32183
116.704955 v1 32531
101.303507 v1 32735
120.519428 v1 33035
118.42546899999998 v1 33251
104.919887 v1 34355
110.916841 v1 34379
111.884416 v1 34547
102.07864000000002 v1 34823
104.919887 v1 35315
103.260062 v1 35387
103.260062 v1 35723
122.950217 v1 35735
117.431906 v1 39527
109.702054 v1 39731
121.466534 v1 39839
101.820107 v1 39947
118.099151 v1 39971
102.27500000011469 v1 54395
111.567954 v1 55463
118.08183300000003 v1 55631
123.550379 v1 55775
100.32196 v1 55967
116.704955 v1 56195
117.84268500000002 v1 56207
132.12500000011676 v1 21347
139.8500000001097 v1 21431
131.50000000011732 v1 24731
129.52500000011912 v1 28223
134.5000000001146 v1 28223
139.4500000001101 v1 28223
144.42500000010557 v1 28223
149.40000000010104 v1 28223
126.42500000012018 v1 28943
125.109301 v1 29387
134.51732099999998 v1 29735
149.08938200000003 v1 29771
137.880559 v1 29879
139.69349599999998 v1 29999
130.5734 v1 31127
144.73242100000004 v1 32135
138.50067099999998 v1 32471
125.27171 v1 33467
134.878929 v1 33647
126.416801 v1 34511
141.507672 v1 34667
126.351081 v1 34967
139.519104 v1 34991
149.08938200000003 v1 39587
140.968735 v1 39671
135.287646 v1 39719
146.073401 v1 39803
127.70000000012048 v1 40163
133.45515500000002 v1 45515
125.16646 v1 55427
129.22315600000002 v1 55667
151.867907 v1 647
174.77500000007797 v1 14903
152.22500000009848 v1 18647
159.8000000000916 v1 21431
164.53631699999997 v1 24155
155.75000000009527 v1 24947
154.37500000009652 v1 28223
159.37500000009197 v1 28223
164.32500000008747 v1 28223
169.30000000008297 v1 28223
174.2750000000784 v1 28223
154.02500000009684 v1 28943
165.75000000008615 v1 29267
168.168267 v1 29327
159.33186299999997 v1 29627
169.647272 v1 29903
168.085718 v1 30047
169.67500000008258 v1 30191
172.739275 v1 31067
162.048794 v1 31667
170.03912 v1 32171
168.784583 v1 33287
169.57560099999995 v1 33863
158.266626 v1 34799
168.712998 v1 35075
170.97564099999997 v1 35531
152.56974599999995 v1 35867
152.902472 v1 36119
169.1500000000831 v1 39275
162.3500000000893 v1 40127
166.849877 v1 55631
191.685457 v1 251
184.57500000006905 v1 21431
180.62500000007265 v1 21695
190.744987 v1 26555
179.2500000000739 v1 28223
184.25000000006932 v1 28223
189.20000000006485 v1 28223
194.17500000006032 v1 28223
199.17500000005575 v1 28223
178.81339399999996 v1 29531
178.29581299999995 v1 29891
195.47500000005917 v1 30299
187.797238 v1 31211
190.332697 v1 32963
199.813062 v1 32999
176.91520100000002 v1 33347
178.05165300000002 v1 33947
197.216353 v1 33995
189.272789 v1 35099
194.43968700000002 v1 35195
189.272789 v1 35363
191.685457 v1 35423
190.344988 v1 35867
190.332697 v1 36023
178.05165300000002 v1 36191
183.435034 v1 55403
187.619175 v1 55415
175.502336 v1 55787
193.217529 v1 56255
